1 0.21153846153846154 0.5337136929460581 0.051994301994301995 0.13278008298755187
1 0.2702991452991453 0.5661307053941909 0.06552706552706553 0.133298755186722
1 0.7409188034188035 0.5692427385892116 0.053062678062678066 0.125
1 0.35131766381766383 0.5923236514522822 0.08796296296296297 0.1545643153526971
1 0.6855413105413105 0.5936203319502075 0.06054131054131054 0.1187759336099585
1 0.4375 0.6120331950207469 0.08155270655270655 0.14107883817427386
1 0.5268874643874644 0.6148858921161826 0.09081196581196581 0.14678423236514523
1 0.6123575498575499 0.6169605809128631 0.08155270655270655 0.1187759336099585
1 0.23931623931623933 0.3514004149377593 0.0876068376068376 0.1862033195020747
1 0.7813390313390314 0.37059128630705396 0.07763532763532764 0.20383817427385892
1 0.33066239316239315 0.3991182572614108 0.0900997150997151 0.14885892116182572
1 0.709045584045584 0.40482365145228216 0.07336182336182336 0.15093360995850622
1 0.443019943019943 0.43101659751037347 0.13247863247863248 0.22614107883817428
1 0.592948717948718 0.43309128630705396 0.1467236467236467 0.24066390041493776