1 0.15716911764705882 0.38366336633663367 0.057904411764705885 0.15594059405940594
1 0.19554227941176472 0.3926361386138614 0.06479779411764706 0.16893564356435645
1 0.5448069852941176 0.4025371287128713 0.12729779411764705 0.18626237623762376
0 0.6652113970588235 0.4118193069306931 0.10891544117647059 0.20977722772277227
0 0.7667738970588235 0.4130569306930693 0.10340073529411764 0.19492574257425743
1 0.28170955882352944 0.41646039603960394 0.12683823529411764 0.23143564356435645
0 0.8377757352941176 0.4186262376237624 0.11488970588235294 0.11571782178217822
1 0.4124540441176471 0.421720297029703 0.13832720588235295 0.2506188118811881
1 0.8414522058823529 0.5467202970297029 0.07996323529411764 0.09467821782178218
1 0.21346507352941177 0.5652846534653465 0.06571691176470588 0.1342821782178218
1 0.7738970588235294 0.594059405940594 0.08731617647058823 0.125
0 0.2619485294117647 0.5943688118811881 0.06893382352941177 0.1775990099009901
0 0.7008272058823529 0.5965346534653465 0.10386029411764706 0.14356435643564355
0 0.33157169117647056 0.598700495049505 0.0703125 0.16150990099009901
0 0.5999540441176471 0.6095297029702971 0.1208639705882353 0.17945544554455445
0 0.4000459558823529 0.6163366336633663 0.08501838235294118 0.17326732673267325
0 0.48943014705882354 0.6172648514851485 0.09466911764705882 0.18626237623762376