0 0.12780656303972365 0.2966706302021403 0.11629245826137018 0.49108204518430437
0 0.05411629245826137 0.3400713436385256 0.050662061024755324 0.31391200951248516
0 0.2510074841681059 0.3412604042806183 0.1404720782959125 0.4280618311533888
1 0.397524467472654 0.4090368608799049 0.1940126655152562 0.4589774078478002
0 0.7320092112838227 0.4126040428061831 0.11917098445595854 0.4423305588585018
1 0.8362118595279217 0.4221165279429251 0.08232584916522741 0.41854934601664684
1 0.5903857225100748 0.4244946492271106 0.19516407599309155 0.4708680142687277
1 0.8897524467472654 0.46730083234244946 0.03857225100748417 0.3162901307966706
0 0.1047783534830167 0.570154577883472 0.06102475532527346 0.16765755053507728
1 0.21243523316062177 0.6212841854934602 0.15083477259643063 0.3507728894173603
1 0.3324697754749568 0.6813317479191439 0.11226252158894647 0.30202140309155767
1 0.6617731721358664 0.7045184304399524 0.09729418537708694 0.25326991676575505
1 0.7740356937248128 0.7312722948870393 0.13529073114565343 0.356718192627824
1 0.45135290731145655 0.7330558858501783 0.10362694300518134 0.2556480380499406
1 0.5616004605641911 0.746730083234245 0.11456534254461716 0.23543400713436385