0 0.19238427078148332 0.3663400979706088 0.11000497760079642 0.2708187543736879
0 0.2804878048780488 0.3747375787263821 0.10602289696366352 0.3002099370188943
0 0.3822797411647586 0.39783065080475855 0.12244897959183673 0.2820153953813856
0 0.5248880039820807 0.43072078376487055 0.15579890492782478 0.2554233729881036
0 0.6635141861622698 0.45906228131560534 0.12643106022896963 0.198740377886634
1 0.21353907416625187 0.5787263820853744 0.05276256844201095 0.1735479356193142
1 0.24738675958188153 0.586074177746676 0.07864609258337481 0.17424772568229532
1 0.7730214036834245 0.592372288313506 0.12344449975111996 0.1462561231630511
1 0.2926829268292683 0.5951714485654304 0.0895968143354903 0.17564730580825752
1 0.3668491786958686 0.6091672498250524 0.1095072175211548 0.16864940517844645
1 0.4803384768541563 0.6133659902029391 0.15530114484818316 0.17984604618614417
1 0.6441015430562469 0.6245626312106368 0.12842210054753608 0.13925822253324002