1 0.26755852842809363 0.4339300937766411 0.10606784519827998 0.24893435635123615
1 0.3953655040611562 0.4492753623188406 0.16674629718107978 0.2693947144075021
1 0.6949354992833253 0.45311167945439046 0.11323459149546106 0.2617220801364024
1 0.5604395604395604 0.45439045183290705 0.16244624940277114 0.27791986359761295
1 0.1806020066889632 0.4599317988064791 0.062111801242236024 0.21739130434782608
1 0.7797419971333015 0.473998294970162 0.06497849976110846 0.2591645353793691
1 0.12732919254658384 0.47911338448422847 0.04921165790731008 0.18925831202046037
1 0.8234591495461061 0.4982949701619778 0.045389393215480175 0.1867007672634271
1 0.23387482083134256 0.5916453537936914 0.08074534161490683 0.1585677749360614
1 0.16626851409460106 0.59846547314578 0.050645007166746296 0.0886615515771526
1 0.32656473960821786 0.5993179880647911 0.10272336359292882 0.17050298380221654
1 0.7706641184902054 0.6206308610400681 0.05828953655040611 0.16027280477408354
1 0.6086956521739131 0.6248934356351236 0.11275680840898232 0.1534526854219949
1 0.7011466794075489 0.6287297527706734 0.08552317247969422 0.14407502131287298
1 0.41638795986622074 0.6376811594202898 0.09316770186335403 0.12617220801364024
1 0.5102723363592929 0.639386189258312 0.09364548494983277 0.12958226768968456
1 0.8174868609651218 0.6432225063938619 0.048733874820831344 0.11167945439045183