1 0.5337374802319452 0.36243654822335025 0.13336847654190828 0.26192893401015227
1 0.3813916710595677 0.36598984771573606 0.17026884554559832 0.28730964467005077
1 0.23247232472324722 0.4137055837563452 0.12967843964153927 0.22233502538071065
1 0.6610437532946758 0.4203045685279188 0.143384290985767 0.2862944162436548
1 0.7727991565629942 0.4593908629441624 0.09383236689509752 0.25279187817258886
1 0.8392198207696363 0.47918781725888326 0.04428044280442804 0.26192893401015227
1 0.3173431734317343 0.5258883248730964 0.12546125461254612 0.1766497461928934
1 0.4525566684238271 0.5299492385786801 0.14496573537163943 0.2233502538071066
1 0.5780179230363732 0.5776649746192893 0.10279388508170796 0.20304568527918782
1 0.6668423827095413 0.6233502538071066 0.07063784923563521 0.15837563451776648
1 0.7322087506589352 0.6385786802030456 0.07063784923563521 0.16243654822335024
1 0.7967843964153927 0.6472081218274112 0.05851344227727991 0.14517766497461929