0 0.47273816656680645 0.4210300429184549 0.14379868184541642 0.21373390557939914
0 0.3286399041342121 0.4210300429184549 0.14799281006590773 0.2686695278969957
0 0.20820850808867586 0.42660944206008583 0.11084481725584182 0.24206008583690988
0 0.6216297183942481 0.4347639484978541 0.15398442180946675 0.21030042918454936
0 0.7693229478729778 0.4347639484978541 0.14499700419412823 0.16051502145922747
0 0.7953864589574595 0.5605150214592275 0.10724985020970641 0.11502145922746781
1 0.6794487717195926 0.5678111587982833 0.140203714799281 0.15536480686695278
1 0.5404433792690234 0.5776824034334764 0.1378070701018574 0.14935622317596567
1 0.41461953265428403 0.5836909871244635 0.12103055721989216 0.14763948497854076
1 0.32564409826243257 0.6158798283261803 0.08208508088675853 0.1278969957081545
0 0.2543439185140803 0.6184549356223176 0.061713600958657876 0.15021459227467812
0 0.2061114439784302 0.6240343347639485 0.05392450569203116 0.13218884120171673