1 0.2865438526231478 0.4255156608097785 0.07328794553464157 0.28113063407181055
1 0.698438125750901 0.42895339954163486 0.06487785342410893 0.2742551566080978
1 0.6025230276331598 0.43391902215431627 0.1197436924309171 0.3407181054239878
1 0.4747697236684021 0.43391902215431627 0.12855426511814178 0.346829640947288
1 0.36904285142170606 0.4385026737967914 0.08610332398878655 0.27043544690603516
1 0.7575090108129756 0.4449961802902979 0.059671605927112535 0.2559205500381971
1 0.23227873448137765 0.45569136745607336 0.052062474969963954 0.24064171122994651
1 0.7923508209851822 0.4782276546982429 0.051661994393271925 0.22918258212375858
1 0.28894673608329996 0.6302521008403361 0.05646776131357629 0.06264323911382735
1 0.7492991589907889 0.63292589763178 0.056868241890268324 0.07257448433919023
1 0.7010412494993993 0.6420932009167303 0.048458149779735685 0.10771581359816654
1 0.34321185422507006 0.6512605042016807 0.06087304765718863 0.09090909090909091
1 0.6439727673207849 0.6684491978609626 0.06888265919102923 0.13292589763177998
1 0.41089307168602324 0.6695951107715814 0.07849419303163796 0.14591291061879297
0 0.4885863035642771 0.6711229946524064 0.0841009211053264 0.13980137509549273
0 0.5712855426511814 0.671886936592819 0.08370044052863436 0.15355233002291827