0 0.4339114832535885 0.345679012345679 0.15610047846889952 0.31275720164609055
0 0.2855861244019139 0.3683127572016461 0.15490430622009568 0.32510288065843623
0 0.5783492822966507 0.37551440329218105 0.14114832535885166 0.30246913580246915
0 0.1680622009569378 0.3924897119341564 0.10645933014354067 0.29732510288065844
0 0.7096291866028708 0.4094650205761317 0.11782296650717704 0.23868312757201646
1 0.10675837320574162 0.448559670781893 0.056818181818181816 0.28189300411522633
0 0.7452153110047847 0.6147119341563786 0.09569377990430622 0.18621399176954734
0 0.6309808612440191 0.6404320987654321 0.1339712918660287 0.23353909465020575
1 0.3815789473684211 0.6574074074074074 0.11722488038277512 0.30864197530864196
0 0.5044856459330144 0.6646090534979424 0.12260765550239235 0.34156378600823045
1 0.29336124401913877 0.6651234567901234 0.10107655502392345 0.28703703703703703
1 0.2263755980861244 0.6697530864197531 0.09389952153110048 0.29012345679012347
1 0.1707535885167464 0.6862139917695473 0.0819377990430622 0.2757201646090535
1 0.15041866028708134 0.7037037037037037 0.05083732057416268 0.25308641975308643