1 0.5385793018983466 0.35170178282009723 0.1524800979791794 0.5121555915721232
1 0.3949785670545009 0.3549432739059968 0.131047152480098 0.4538087520259319
1 0.24096754439681567 0.37682333873581847 0.1745254133496632 0.5364667747163695
0 0.10624617268830373 0.3841166936790924 0.1316595223515003 0.4181523500810373
1 0.6736068585425597 0.3857374392220421 0.12369871402327005 0.5024311183144247
1 0.8710961420698101 0.3914100486223663 0.08266993263931414 0.3711507293354943
1 0.7813839559093693 0.39951377633711505 0.0906307409675444 0.4586709886547812
1 0.03459889773423148 0.4246353322528363 0.06307409675443969 0.48946515397082657
1 0.7051439069197796 0.6717990275526742 0.10961420698101654 0.23176661264181522
1 0.453153704837722 0.6888168557536467 0.14329454990814453 0.36304700162074555
1 0.593692590324556 0.7017828200972447 0.14023270055113288 0.31118314424635335
1 0.32241273729332515 0.7034035656401945 0.12186160440906307 0.31442463533225284
1 0.08603796693202695 0.7244732576985413 0.05327617881200245 0.26904376012965964
1 0.13900796080832822 0.7252836304700162 0.0747091243110839 0.2706645056726094
1 0.03827311696264544 0.747163695299838 0.036129822412737295 0.1458670988654781
1 0.21586037966932026 0.7536466774716369 0.09001837109614207 0.233387358184765