1 0.75 0.35022189349112426 0.08139534883720931 0.2581360946745562
1 0.8052325581395349 0.35096153846153844 0.026578073089700997 0.1797337278106509
1 0.1364202657807309 0.3853550295857988 0.031146179401993355 0.20118343195266272
1 0.6598837209302325 0.3901627218934911 0.09966777408637874 0.26849112426035504
0 0.2688953488372093 0.39349112426035504 0.10008305647840532 0.27366863905325445
0 0.18438538205980065 0.4031065088757396 0.06561461794019934 0.2692307692307692
1 0.5404900332225914 0.42788461538461536 0.15490033222591362 0.3173076923076923
1 0.38911960132890366 0.4371301775147929 0.1536544850498339 0.31952662721893493
1 0.6947674418604651 0.5417899408284024 0.09136212624584718 0.20784023668639054
1 0.259343853820598 0.5724852071005917 0.0909468438538206 0.14497041420118342
1 0.6046511627906976 0.5857988165680473 0.07890365448504984 0.1863905325443787
1 0.34551495016611294 0.5887573964497042 0.09053156146179402 0.1997041420118343
1 0.4329318936877076 0.6309171597633136 0.07931893687707642 0.16715976331360946
1 0.5272009966777409 0.6538461538461539 0.08181063122923588 0.1301775147928994