1 0.5415829650462033 0.3689469638739431 0.15427882683808758 0.3843197540353574
1 0.6689433507432704 0.37240584166026136 0.11088790678987545 0.32513451191391235
1 0.39172358376858174 0.37855495772482706 0.1454399357171555 0.377401998462721
1 0.2721976697468863 0.3800922367409685 0.09521896343913218 0.31283627978478096
1 0.7533145841703496 0.39584934665641813 0.06669345118521494 0.2982321291314374
1 0.7999196464443552 0.41006917755572636 0.04258738449176376 0.2590315142198309
1 0.20028123744475693 0.41122213681783243 0.06227400562474889 0.2843966179861645
1 0.1663318601848132 0.4296694850115296 0.04258738449176376 0.2275172943889316
1 0.795098433105665 0.5799385088393544 0.04499799116110888 0.09607993850883935
1 0.7517075130574528 0.5868562644119908 0.060265166733627966 0.11299000768639508
1 0.698272398553636 0.6006917755572636 0.0650863800723182 0.14681014604150652
1 0.20329449578143832 0.6060722521137587 0.043390920048212135 0.08685626441199078
1 0.2601446364001607 0.6152959262106072 0.07673764564081961 0.16679477325134512
0 0.33768581759742866 0.6310530361260569 0.09923664122137404 0.17371252882398155
0 0.620731217356368 0.6329746348962336 0.10124548011249498 0.16218293620292082
0 0.426677380474086 0.634511913912375 0.09079951787866614 0.17909300538047657
0 0.5184813177983125 0.6383551114527287 0.10887906789875453 0.18985395849346656