0 0.36177474402730375 0.35561497326203206 0.15017064846416384 0.45454545454545453
0 0.026621160409556314 0.37967914438502676 0.049146757679180884 0.33868092691622104
1 0.21399317406143345 0.38235294117647056 0.15358361774744028 0.47950089126559714
0 0.5163822525597269 0.3841354723707665 0.16313993174061434 0.49019607843137253
1 0.09385665529010238 0.3939393939393939 0.10170648464163823 0.41354723707664887
0 0.8812286689419795 0.4322638146167558 0.10511945392491467 0.28342245989304815
0 0.6583617747440274 0.4447415329768271 0.12354948805460751 0.43672014260249553
0 0.7761092150170649 0.4590017825311943 0.11604095563139932 0.3939393939393939
0 0.44061433447098974 0.6737967914438503 0.15631399317406144 0.3672014260249554
0 0.040955631399317405 0.6844919786096256 0.042320819112627986 0.2638146167557932
0 0.3051194539249147 0.6907308377896613 0.11467576791808874 0.26559714795008915
1 0.0795221843003413 0.7130124777183601 0.06757679180887372 0.23885918003565063
0 0.70580204778157 0.7192513368983957 0.12013651877133105 0.33689839572192515
1 0.21467576791808873 0.7201426024955436 0.0757679180887372 0.2281639928698752
0 0.5798634812286689 0.7272727272727273 0.1372013651877133 0.3244206773618538
0 0.14197952218430035 0.732620320855615 0.08600682593856655 0.2709447415329768