0 0.39402028830752805 0.2846441947565543 0.1783235451147891 0.484394506866417
0 0.24559530165509877 0.3046192259675406 0.11318739989321944 0.38701622971285893
0 0.5795515216230646 0.33458177278401996 0.18206086492258408 0.4519350811485643
0 0.14762413240790176 0.33770287141073657 0.08702616123865456 0.3807740324594257
0 0.7349172450613988 0.3470661672908864 0.12760277629471437 0.3920099875156055
0 0.08649225840896957 0.35767790262172283 0.05445808862786973 0.30337078651685395
0 0.8515750133475708 0.3682896379525593 0.11318739989321944 0.38701622971285893
0 0.9466097170315003 0.42696629213483145 0.0405766150560598 0.2421972534332085
0 0.9228510411105179 0.43196004993757803 0.06994127068873465 0.32209737827715357
0 0.6753870795515217 0.5761548064918851 0.11425520555258943 0.31086142322097376
0 0.09503470368392952 0.6048689138576779 0.05659369994660972 0.17103620474406991
0 0.3350240256273358 0.616729088639201 0.10624666310731447 0.37203495630461925
0 0.1404164442071543 0.6279650436953808 0.0811532301121196 0.21972534332084895
0 0.5603310197544047 0.6404494382022472 0.10838227442605446 0.24968789013732834
0 0.22797650827549387 0.6460674157303371 0.10784837159636947 0.3408239700374532
0 0.4452749599572878 0.66354556803995 0.11211959423384944 0.43570536828963796
0 0.8622530699412707 0.6722846441947565 0.07367859049652963 0.2534332084893883
0 0.915910304324613 0.6729088639200999 0.04538174052322477 0.264669163545568
0 0.7760277629471436 0.7397003745318352 0.09450080085424453 0.40324594257178525