1 0.5882926829268292 0.33285714285714285 0.16097560975609757 0.3171428571428571
1 0.43 0.34476190476190477 0.16341463414634147 0.3314285714285714
1 0.7136585365853658 0.3485714285714286 0.0975609756097561 0.2704761904761905
1 0.2921951219512195 0.3761904761904762 0.10536585365853658 0.29523809523809524
1 0.7917073170731708 0.38952380952380955 0.06829268292682927 0.2571428571428571
1 0.84 0.4176190476190476 0.03609756097560975 0.19714285714285715
1 0.20121951219512196 0.43523809523809526 0.07951219512195122 0.3295238095238095
1 0.14585365853658536 0.48857142857142855 0.055609756097560976 0.1961904761904762
1 0.6717073170731708 0.5828571428571429 0.10634146341463414 0.20761904761904762
1 0.5697560975609756 0.5914285714285714 0.10439024390243902 0.22285714285714286
1 0.7595121951219512 0.5966666666666667 0.08585365853658537 0.25047619047619046
0 0.8104878048780488 0.5980952380952381 0.0873170731707317 0.19238095238095237
1 0.35585365853658535 0.6128571428571429 0.10292682926829268 0.22380952380952382
1 0.46146341463414636 0.6261904761904762 0.10829268292682927 0.26761904761904765
1 0.26390243902439026 0.6390476190476191 0.09170731707317073 0.23047619047619047
1 0.1878048780487805 0.6604761904761904 0.07707317073170732 0.14761904761904762