1 0.12300399201596807 0.31985294117647056 0.05039920159680639 0.125
1 0.15893213572854292 0.3329831932773109 0.05239520958083832 0.1134453781512605
1 0.2158183632734531 0.37762605042016806 0.0813373253493014 0.20483193277310924
1 0.8388223552894212 0.37762605042016806 0.036926147704590816 0.17752100840336135
1 0.3063872255489022 0.4065126050420168 0.11077844311377245 0.23739495798319327
1 0.7959081836327345 0.4070378151260504 0.06487025948103792 0.22794117647058823
1 0.720558882235529 0.4322478991596639 0.08782435129740519 0.25315126050420167
1 0.43862275449101795 0.4679621848739496 0.16367265469061876 0.2762605042016807
1 0.5998003992015968 0.49212184873949577 0.15568862275449102 0.25735294117647056
1 0.22005988023952097 0.5084033613445378 0.08083832335329341 0.15336134453781514
1 0.3083832335329341 0.5383403361344538 0.09281437125748503 0.11659663865546219