0 0.8052173913043478 0.3246167718665464 0.11130434782608696 0.20919747520288548
0 0.6979710144927537 0.33363390441839497 0.11942028985507247 0.25969341749323716
1 0.5652173913043478 0.36203787195671777 0.14840579710144927 0.27141568981064024
1 0.4197101449275362 0.37105500450856627 0.15072463768115943 0.2497745716862038
1 0.2698550724637681 0.4098286744815149 0.16753623188405797 0.260595130748422
1 0.10260869565217391 0.4116321009918846 0.06840579710144927 0.20829576194770064
1 0.15739130434782608 0.4174932371505861 0.10608695652173913 0.24346257889990983
1 0.7252173913043478 0.4828674481514878 0.09507246376811594 0.1055004508566276
0 0.6226086956521739 0.5464382326420198 0.10434782608695652 0.15689810640216412
1 0.15971014492753624 0.5942290351668169 0.042318840579710144 0.15689810640216412
1 0.5060869565217392 0.6073038773669973 0.14144927536231883 0.21370604147880973
0 0.30579710144927535 0.6230838593327321 0.08057971014492754 0.2073940486925158
0 0.2255072463768116 0.6239855725879171 0.09623188405797102 0.19477006311992787
1 0.39217391304347826 0.6266907123534716 0.09565217391304348 0.23264201983769162