1 0.7071344107213244 0.5462814339218833 0.0780449349625542 0.21615837346174424
1 0.23551438707134412 0.5478865703584804 0.06819077650768625 0.18405564472980204
1 0.5212849822625147 0.5500267522739433 0.10524241229798975 0.17335473515248795
1 0.6202207331493891 0.5508293204922419 0.09814741821048482 0.19101123595505617
1 0.42156089869925106 0.5529695024077047 0.09184075679936933 0.17388978063135366
1 0.3218368151359874 0.5545746388443018 0.09026409144659046 0.1803103263777421
1 0.5244383129680725 0.3274478330658106 0.16279069767441862 0.24184055644729802
1 0.36795427670476943 0.33841626538255754 0.15569570358691368 0.23060460139111824
1 0.6562869530942057 0.34135901551631886 0.11351990540007884 0.19796682718031033
1 0.770595191170674 0.3475120385232745 0.10484824595979503 0.15997859818084537
1 0.24733937721718566 0.3681112894596041 0.09184075679936933 0.16693418940609953
1 0.15963736696886086 0.38657035848047083 0.08513992905005913 0.12787586944890317
1 0.7737485218762318 0.507223113964687 0.06464327946393378 0.14125200642054575
1 0.16633819471817107 0.5192616372391653 0.07962160031533307 0.11396468699839486