0 0.7860548271752086 0.47705041384499625 0.0631704410011919 0.2979683972911964
1 0.2725466825586015 0.47705041384499625 0.11521652761223679 0.26787057938299474
1 0.7006356773937227 0.4785553047404063 0.11323003575685339 0.2979683972911964
1 0.19944378228049264 0.4860797592174567 0.06754072308303535 0.21670428893905191
1 0.566150178784267 0.4898419864559819 0.15256257449344457 0.308502633559067
1 0.4080254270957489 0.49360421369450713 0.16209773539928488 0.30699774266365687
1 0.14382201032975764 0.4996237772761475 0.046881207787048074 0.18660647103085026
1 0.14779499404052443 0.6659142212189616 0.04211362733412793 0.1489841986455982
0 0.6412395709177592 0.6839729119638827 0.07866507747318235 0.21519939804364183
1 0.3555820421136273 0.690744920993228 0.09058402860548272 0.2287434161023326
1 0.19229241160111243 0.6922498118886381 0.06595152959872864 0.2287434161023326
1 0.2665872069924513 0.6952595936794582 0.08422725466825585 0.21670428893905191
0 0.789233214143822 0.6967644845748683 0.04568931267381804 0.1745673438675696
1 0.4513309495431069 0.6982693754702785 0.09137862534763608 0.18961625282167044
0 0.7256654747715534 0.7042889390519187 0.07906237584425904 0.1655379984951091
1 0.5466825586015097 0.7185854025583145 0.09773539928486293 0.15199398043641835