1 0.8194730341704405 0.34843869002284844 0.0345821325648415 0.1744097486671744
0 0.7743927542198435 0.3632901751713633 0.06340057636887608 0.2345773038842346
1 0.7029641827912722 0.3952779893373953 0.09674763277068753 0.2345773038842346
0 0.18937834499794154 0.3952779893373953 0.05351996706463565 0.17517136329017516
0 0.5874845615479621 0.41089108910891087 0.1399752984767394 0.3115003808073115
0 0.2453684643886373 0.4226961157654227 0.06504734458624949 0.21477532368621477
0 0.44792095512556607 0.4230769230769231 0.14738575545491972 0.28103579588728106
0 0.32482503087690406 0.42955064737242954 0.09633594071634417 0.24067022086824066
0 0.20708110333470564 0.5335110434120335 0.03128859613009469 0.06321401370906321
1 0.6319473034170441 0.5662604722010662 0.08810209962947715 0.07996953541507996
0 0.2420749279538905 0.5681645087585682 0.04775627830382874 0.08377760853008377
0 0.29724166323589957 0.5780654988575781 0.06587072869493618 0.09748667174409749
1 0.5454919720049403 0.6016755521706016 0.08563194730341704 0.10662604722010663
1 0.3760806916426513 0.6031987814166032 0.10086455331412104 0.11576542269611577
1 0.4637710992177851 0.6066260472201066 0.0893371757925072 0.10891089108910891