1 0.761391474767271 0.657124268054652 0.09407153356197942 0.2992843201040989
1 0.11685448309652131 0.35556278464541313 0.07104360607545321 0.17761873780091086
1 0.19402253797158256 0.3597918022121015 0.0881920627143557 0.20819778789850357
1 0.29470847623713864 0.36922576447625244 0.13081822635962764 0.23096942094990242
1 0.4456148946594806 0.37247885491216653 0.1749142577168055 0.27651268705270005
1 0.6193042626163645 0.3750813272608979 0.16756491915727584 0.2810670136629798
1 0.7645761881430672 0.38874430709173713 0.1121999020088192 0.23747560182173064
1 0.841499265066144 0.3929733246584255 0.053405193532582065 0.23942745608327912
1 0.8882900538951495 0.40793754066363047 0.041156295933366 0.2003903708523097
1 0.08280254777070063 0.5279765777488614 0.05977462028417443 0.202992843201041
1 0.1337579617834395 0.5364346128822381 0.09309162175404213 0.202992843201041
1 0.890249877511024 0.5803513337670787 0.020578147966683 0.12817176317501627
1 0.8686918177364037 0.5849056603773585 0.02645761881430671 0.14769030579050096
1 0.8317001469867712 0.6086532205595315 0.04850563449289564 0.19843851659076123
1 0.21117099461048505 0.6096291476903057 0.11268985791278785 0.31750162654521796
1 0.32802547770700635 0.6148340923877684 0.1259186673199412 0.2667534157449577
1 0.4505144536991671 0.6314248536109304 0.11611954924056835 0.2635003253090436
1 0.6616854483096521 0.6346779440468445 0.09750122488975992 0.2635003253090436
1 0.5622243998040176 0.6444372153545869 0.1121999020088192 0.2830188679245283