1 0.17229729729729729 0.30580357142857145 0.0785472972972973 0.2544642857142857
1 0.8420608108108109 0.31741071428571427 0.06756756756756757 0.21875
0 0.7865287162162162 0.32857142857142857 0.10261824324324324 0.36607142857142855
0 0.32791385135135137 0.34732142857142856 0.12288851351351351 0.39107142857142857
0 0.23817567567567569 0.36339285714285713 0.08108108108108109 0.36428571428571427
1 0.715793918918919 0.3736607142857143 0.12331081081081081 0.32410714285714287
1 0.5844594594594594 0.3825892857142857 0.16638513513513514 0.3776785714285714
1 0.4457347972972973 0.39553571428571427 0.1735641891891892 0.39285714285714285
1 0.17229729729729729 0.4700892857142857 0.07010135135135136 0.14910714285714285
1 0.20586993243243243 0.503125 0.05869932432432432 0.15446428571428572
1 0.24535472972972974 0.5339285714285714 0.056587837837837836 0.15357142857142858
1 0.31756756756756754 0.553125 0.11570945945945946 0.17410714285714285
1 0.7865287162162162 0.5535714285714286 0.06630067567567567 0.10714285714285714
1 0.6492820945945946 0.575 0.0789695945945946 0.225
1 0.7248733108108109 0.5767857142857142 0.08234797297297297 0.12678571428571428
1 0.3889358108108108 0.5861607142857143 0.09543918918918919 0.17232142857142857
1 0.4748733108108108 0.6026785714285714 0.10092905405405406 0.20535714285714285
1 0.5631334459459459 0.6151785714285715 0.10599662162162163 0.18035714285714285