1 0.12855276053577264 0.6038994356080041 0.05129042796471741 0.12724474089276552
1 0.16138516824567134 0.6139045664443304 0.06925841228356747 0.12878399179066188
1 0.7835674616138517 0.6198050282195998 0.07677229663508657 0.11185223191380195
1 0.22182293368180334 0.6262185736275013 0.08689970597843842 0.1400718317085685
1 0.7005880431231624 0.6267316572601334 0.09376020908199935 0.16264751154438173
1 0.3119895459000327 0.6393022062596203 0.09670042469781118 0.172396100564392
1 0.6071545246651421 0.6469984607491021 0.10682783404116301 0.14982042072857876
1 0.4134269846455407 0.6618778860954335 0.09637373407383208 0.13955874807593638
1 0.5014701078079059 0.6623909697280657 0.10192747468147664 0.1375064135454079
1 0.1530545573342045 0.4212416623909697 0.06043776543613198 0.20420728578758338
1 0.24599803985625612 0.42739866598255516 0.10454099967330938 0.23601847101077475
1 0.36883371447239466 0.4563878912262699 0.14897092453446587 0.27142124166239096
1 0.7659261679189807 0.4628014366341714 0.09376020908199935 0.18778860954335558
1 0.8281607317869977 0.46664956387891227 0.04573668735707285 0.13801949717804002
1 0.6584449526298595 0.47255002565418164 0.11858869650441033 0.21139045664443304
1 0.5160078405749755 0.4751154438173422 0.15191114015027768 0.2483324781939456