1 0.9299931365820179 0.3036605657237937 0.1400137268359643 0.46422628951747086
1 0.8112560054907344 0.3103161397670549 0.12903225806451613 0.5008319467554077
1 0.6636925188743995 0.3211314475873544 0.1757035003431709 0.5058236272878536
0 0.48455730954015097 0.41846921797004993 0.19492107069320522 0.5806988352745425
1 0.31400137268359646 0.5257903494176372 0.15030885380919698 0.47920133111480867
1 0.16437886067261495 0.5948419301164726 0.14893617021276595 0.3843594009983361
1 0.8925875085792725 0.6048252911813644 0.0363761153054221 0.17803660565723795
1 0.7155113246396706 0.6622296173044925 0.06382978723404255 0.2628951747088186
1 0.8548387096774194 0.6630615640599001 0.04461221688400824 0.26455906821963393
1 0.789293067947838 0.6697171381031614 0.08236101578586136 0.33111480865224624
0 0.5971173644474949 0.6955074875207987 0.1702127659574468 0.49584026622296173
1 0.426904598490048 0.7520798668885191 0.17433081674673986 0.37271214642262895
1 0.2779684282772821 0.7645590682196339 0.11667810569663692 0.20133111480865223