1 0.7161572052401747 0.40634005763688763 0.09801067442988841 0.3035542747358309
0 0.7855409995147986 0.40874159462055715 0.06210577389616691 0.3102785782901057
1 0.33017952450266863 0.41546589817483187 0.12954876273653565 0.29490874159462055
1 0.8544395924308588 0.41930835734870314 0.016496846191169336 0.13928914505283382
1 0.83163512857836 0.425552353506244 0.03202328966521106 0.20557156580211336
0 0.24138767588549248 0.4298751200768492 0.08733624454148471 0.30643611911623436
1 0.4672489082969432 0.43275696445725265 0.15041242115477924 0.3314121037463977
1 0.6033478893740902 0.4356388088376561 0.14313440077632217 0.32372718539865514
1 0.14046579330422126 0.4390009606147935 0.049005337214944204 0.19980787704130643
1 0.17637069383794274 0.43948126801152737 0.049005337214944204 0.2564841498559078
1 0.8226589034449296 0.5576368876080692 0.029597282872392043 0.08549471661863593
1 0.7816593886462883 0.5965417867435159 0.04754973313925279 0.11527377521613832
1 0.32144590004852014 0.6301633045148896 0.08296943231441048 0.17483189241114314
1 0.7384764677341097 0.6426512968299711 0.06889859291606017 0.207492795389049
1 0.4063561377971858 0.6450528338136408 0.09558466763706938 0.1834774255523535
1 0.6698204754973314 0.6503362151777138 0.08685104318292092 0.1978866474543708
1 0.49442018437651625 0.659462055715658 0.10189228529839883 0.15658021133525457
1 0.5873362445414847 0.665225744476465 0.09073265405143134 0.16042267050912584