0 0.3851391355831853 0.36056718433490886 0.1853167554766134 0.1850101282916948
0 0.5595026642984015 0.36664415935178934 0.1788040260509177 0.16340310600945307
0 0.24304322084073415 0.36698176907494934 0.12137359384251035 0.16407832545577314
0 0.7294256956779159 0.3723835246455098 0.16222616933096506 0.16272788656313303
0 0.8913558318531676 0.4112086428089129 0.13084665482534044 0.12018906144496962
1 0.17169923031379514 0.513504388926401 0.05802249851983422 0.22822417285617827
1 0.19923031379514505 0.536799459824443 0.06216696269982238 0.22282241728561783
1 0.25014801657785674 0.5550303848750844 0.07992895204262877 0.22282241728561783
0 0.8842510361160449 0.562120189061445 0.1320307874481942 0.16272788656313303
0 0.7406749555950266 0.5641458474004052 0.1492007104795737 0.21944632005401757
0 0.43724097098875075 0.5671843349088453 0.13558318531675548 0.2349763673193788
1 0.3336293664890468 0.574949358541526 0.10597986974541149 0.2518568534773801
0 0.581409117821196 0.5989196488858879 0.17169923031379514 0.299797434166104