1 0.0675 0.30740037950664134 0.135 0.21631878557874762
0 0.9183333333333333 0.3368121442125237 0.15666666666666668 0.19924098671726756
1 0.0775 0.4791271347248577 0.13166666666666665 0.1347248576850095
0 0.8458333333333333 0.5151802656546489 0.16833333333333333 0.222011385199241
1 0.09916666666666667 0.6261859582542695 0.13166666666666665 0.14800759013282733
0 0.7616666666666667 0.6584440227703985 0.12666666666666668 0.16698292220113853
0 0.6883333333333334 0.7647058823529411 0.12333333333333334 0.1650853889943074
1 0.13333333333333333 0.7694497153700189 0.12 0.1461100569259962
1 0.20916666666666667 0.8700189753320683 0.08833333333333333 0.12333965844402277
1 0.5841666666666666 0.8842504743833017 0.10833333333333334 0.1252371916508539
1 0.295 0.9136622390891841 0.09333333333333334 0.10436432637571158
1 0.4775 0.9383301707779886 0.08833333333333333 0.11954459203036052
1 0.3875 0.9478178368121443 0.095 0.10056925996204934
0 0.06666666666666667 0.1110056925996205 0.13 0.19165085388994307