1 0.646 0.4514705882352941 0.172 0.1676470588235294
0 0.854 0.4764705882352941 0.096 0.13529411764705881
0 0.444 0.47941176470588237 0.132 0.20588235294117646
0 0.761 0.4838235294117647 0.106 0.14411764705882352
0 0.344 0.5014705882352941 0.088 0.15
1 0.157 0.5 0.122 0.11764705882352941
0 0.26 0.5058823529411764 0.088 0.1588235294117647
1 0.853 0.5602941176470588 0.102 0.08529411764705883
1 0.768 0.5852941176470589 0.1 0.1411764705882353
1 0.677 0.611764705882353 0.11 0.17647058823529413
1 0.587 0.6205882352941177 0.118 0.1588235294117647
1 0.146 0.6205882352941177 0.136 0.16470588235294117
1 0.468 0.6294117647058823 0.116 0.14705882352941177
1 0.287 0.638235294117647 0.094 0.17647058823529413
1 0.376 0.638235294117647 0.084 0.14705882352941177