0 0.21666666666666667 0.45217391304347826 0.14666666666666667 0.16521739130434782
0 0.84 0.532608695652174 0.14666666666666667 0.13478260869565217
0 0.18166666666666667 0.5804347826086956 0.13666666666666666 0.14347826086956522
0 0.8633333333333333 0.6934782608695652 0.17333333333333334 0.20434782608695654
0 0.14833333333333334 0.7304347826086957 0.16333333333333333 0.21739130434782608
0 0.8683333333333333 0.8565217391304348 0.16333333333333333 0.17391304347826086
1 0.5983333333333334 0.09347826086956522 0.14333333333333334 0.16956521739130434
1 0.44666666666666666 0.09565217391304348 0.15333333333333332 0.17391304347826086
0 0.6983333333333334 0.14782608695652175 0.11 0.1391304347826087
0 0.335 0.15869565217391304 0.10333333333333333 0.13478260869565217
1 0.7683333333333333 0.26304347826086955 0.11666666666666667 0.1608695652173913
0 0.26166666666666666 0.26956521739130435 0.12333333333333334 0.16521739130434782
0 0.8083333333333333 0.4043478260869565 0.15 0.1565217391304348