0 0.7974358974358975 0.49642857142857144 0.13846153846153847 0.17142857142857143
0 0.2987179487179487 0.5714285714285714 0.1 0.12857142857142856
0 0.764102564102564 0.6125 0.1076923076923077 0.11785714285714285
0 0.30641025641025643 0.6821428571428572 0.10512820512820513 0.10714285714285714
1 0.7038461538461539 0.7232142857142857 0.1 0.13214285714285715
1 0.32564102564102565 0.7660714285714286 0.10256410256410256 0.09642857142857143
1 0.6576923076923077 0.7982142857142858 0.1 0.09642857142857143
1 0.36666666666666664 0.825 0.06153846153846154 0.09285714285714286
1 0.5794871794871795 0.8446428571428571 0.09743589743589744 0.09642857142857143
1 0.42948717948717946 0.8517857142857143 0.07948717948717948 0.06785714285714285
1 0.632051282051282 0.08928571428571429 0.11538461538461539 0.12142857142857143
1 0.5 0.8589285714285714 0.08717948717948718 0.075
1 0.49743589743589745 0.09821428571428571 0.15384615384615385 0.1392857142857143
1 0.34487179487179487 0.1125 0.1564102564102564 0.125