0 0.24193548387096775 0.47287390029325516 0.17302052785923755 0.34750733137829914
1 0.39589442815249265 0.4802052785923754 0.16422287390029325 0.32697947214076245
1 0.7512218963831867 0.4875366568914956 0.18475073313782991 0.34750733137829914
1 0.5733137829912024 0.4875366568914956 0.19452590420332355 0.3885630498533724
0 0.08357771260997067 0.5146627565982405 0.16715542521994134 0.2727272727272727
1 0.9002932551319648 0.5784457478005866 0.1798631476050831 0.3357771260997067
0 0.44819159335288367 0.7309384164222874 0.1827956989247312 0.3093841642228739
1 0.7663734115347018 0.7434017595307918 0.13294232649071358 0.24926686217008798
1 0.6212121212121212 0.7448680351906158 0.16715542521994134 0.30791788856304986
0 0.26295210166177907 0.751466275659824 0.1935483870967742 0.2859237536656892
1 0.8743890518084066 0.7763929618768328 0.08699902248289346 0.1598240469208211
0 0.9594330400782014 0.7888563049853372 0.08113391984359726 0.10557184750733138