0 0.17285714285714285 0.3895939086294416 0.06571428571428571 0.19543147208121828
0 0.24428571428571427 0.39847715736040606 0.10571428571428572 0.24873096446700507
1 0.8221428571428572 0.41243654822335024 0.11857142857142858 0.21573604060913706
0 0.34785714285714286 0.4137055837563452 0.11285714285714285 0.23857868020304568
0 0.7157142857142857 0.4251269035532995 0.1 0.21573604060913706
0 0.465 0.43274111675126903 0.12714285714285714 0.2918781725888325
0 0.6057142857142858 0.4467005076142132 0.12571428571428572 0.29441624365482233
0 0.15214285714285714 0.5126903553299492 0.08428571428571428 0.18781725888324874
0 0.8864285714285715 0.5152284263959391 0.07571428571428572 0.1218274111675127
0 0.225 0.5520304568527918 0.07571428571428572 0.1700507614213198
1 0.29928571428571427 0.565989847715736 0.08428571428571428 0.17766497461928935
0 0.8207142857142857 0.5736040609137056 0.07 0.12690355329949238
0 0.7435714285714285 0.5748730964467005 0.07571428571428572 0.1598984771573604
0 0.5642857142857143 0.5812182741116751 0.08571428571428572 0.20812182741116753
0 0.6592857142857143 0.5875634517766497 0.09857142857142857 0.1700507614213198
1 0.38357142857142856 0.5977157360406091 0.09 0.1446700507614213
1 0.47928571428571426 0.6230964467005076 0.09 0.11928934010152284