0 0.9140625 0.5555555555555556 0.040625 0.1717171717171717
0 0.0484375 0.5580808080808081 0.090625 0.16666666666666666
1 0.8765625 0.5858585858585859 0.059375 0.23232323232323232
0 0.815625 0.601010101010101 0.075 0.23232323232323232
0 0.153125 0.6060606060606061 0.10625 0.21212121212121213
0 0.5375 0.6111111111111112 0.1 0.1919191919191919
0 0.4328125 0.6287878787878788 0.109375 0.2676767676767677
0 0.640625 0.6338383838383839 0.1 0.14646464646464646
0 0.73125 0.6363636363636364 0.0875 0.1919191919191919
0 0.246875 0.6363636363636364 0.0875 0.21212121212121213
0 0.33125 0.6439393939393939 0.1 0.22727272727272727
0 0.90625 0.34595959595959597 0.05 0.2878787878787879
0 0.8578125 0.34595959595959597 0.053125 0.2676767676767677
0 0.765625 0.398989898989899 0.1375 0.30303030303030304
0 0.46875 0.4015151515151515 0.125 0.2676767676767677
0 0.0203125 0.40404040404040403 0.040625 0.1111111111111111
0 0.35 0.4065656565656566 0.10625 0.29797979797979796
0 0.615625 0.4116161616161616 0.1625 0.29797979797979796
0 0.0859375 0.41919191919191917 0.090625 0.1919191919191919
0 0.25625 0.4318181818181818 0.0875 0.23737373737373738
0 0.1765625 0.43686868686868685 0.084375 0.18686868686868688