0 0.34125 0.3007915567282322 0.095 0.15303430079155672
0 0.225 0.37994722955145116 0.1325 0.2638522427440633
0 0.805625 0.40633245382585753 0.11875 0.2955145118733509
0 0.88 0.4313984168865435 0.1 0.24538258575197888
0 0.14625 0.4604221635883905 0.12 0.287598944591029
0 0.086875 0.5672823218997362 0.09625 0.19525065963060687
0 0.561875 0.7308707124010554 0.08625 0.21635883905013192
0 0.816875 0.7387862796833773 0.09875 0.21108179419525067
0 0.2775 0.741424802110818 0.095 0.158311345646438
0 0.466875 0.741424802110818 0.09625 0.22163588390501318
0 0.654375 0.7427440633245382 0.09125 0.25065963060686014
0 0.374375 0.7480211081794196 0.09375 0.24010554089709762
0 0.74625 0.7532981530343008 0.1075 0.2559366754617414
0 0.89625 0.820580474934037 0.12 0.22691292875989447
0 0.193125 0.8430079155672823 0.08625 0.19261213720316622
0 0.12625 0.8456464379947229 0.105 0.15567282321899736
0 0.70375 0.24934036939313983 0.085 0.1345646437994723
0 0.589375 0.2546174142480211 0.10125 0.1345646437994723
0 0.458125 0.262532981530343 0.10875 0.10817941952506596