1 0.38 0.68378024852845 0.14 0.12622629169391758
1 0.265625 0.7328319162851537 0.105 0.0974493132766514
1 0.1665625 0.7701111837802486 0.079375 0.09221713538260301
0 0.86875 0.35873119686069327 0.17375 0.25572269457161545
0 0.4975 0.38750817527795944 0.2375 0.23479398299542184
1 0.7078125 0.3976455199476782 0.184375 0.2406801831262263
1 0.304375 0.52648790058862 0.22625 0.2805755395683453
1 0.8515625 0.5624591236102028 0.143125 0.09156311314584696
1 0.1565625 0.57946370176586 0.111875 0.2197514715500327
1 0.689375 0.5896010464355788 0.15875 0.1000654022236756
0 0.060625 0.6193590582079791 0.1075 0.2184434270765206
1 0.5278125 0.6347285807717462 0.166875 0.1432308698495749