1 0.20342205323193915 0.643979057591623 0.06463878326996197 0.11518324607329843
1 0.25665399239543724 0.7041884816753927 0.10266159695817491 0.12041884816753927
1 0.7376425855513308 0.756544502617801 0.07604562737642585 0.17277486910994763
1 0.2870722433460076 0.7643979057591623 0.07224334600760456 0.14659685863874344
1 0.3403041825095057 0.7774869109947644 0.07224334600760456 0.17277486910994763
1 0.6901140684410646 0.7801047120418848 0.07224334600760456 0.14659685863874344
1 0.41064638783269963 0.7984293193717278 0.09125475285171103 0.193717277486911
1 0.6197718631178707 0.7984293193717278 0.07984790874524715 0.18324607329842932
1 0.5627376425855514 0.8167539267015707 0.09125475285171103 0.15706806282722513
1 0.4866920152091255 0.819371727748691 0.09885931558935361 0.16230366492146597
1 0.6273764258555133 0.29581151832460734 0.12927756653992395 0.225130890052356
1 0.5019011406844106 0.2931937172774869 0.13688212927756654 0.23036649214659685
1 0.3973384030418251 0.3089005235602094 0.09505703422053231 0.18848167539267016
1 0.7186311787072244 0.31675392670157065 0.08365019011406843 0.20418848167539266
1 0.33079847908745247 0.32722513089005234 0.08365019011406843 0.25654450261780104
1 0.7813688212927756 0.337696335078534 0.07224334600760456 0.225130890052356
1 0.2832699619771863 0.3795811518324607 0.06463878326996197 0.225130890052356
1 0.24334600760456274 0.3795811518324607 0.03802281368821293 0.16230366492146597
1 0.8231939163498099 0.39790575916230364 0.049429657794676805 0.19895287958115182
1 0.20912547528517111 0.40575916230366493 0.045627376425855515 0.16230366492146597