1 0.7235915492957746 0.5790960451977402 0.06690140845070422 0.10734463276836158
1 0.3626760563380282 0.6101694915254238 0.06338028169014084 0.14689265536723164
1 0.6936619718309859 0.6186440677966102 0.06338028169014084 0.11864406779661017
1 0.4137323943661972 0.635593220338983 0.0528169014084507 0.14124293785310735
1 0.6496478873239436 0.635593220338983 0.06690140845070422 0.11864406779661017
1 0.46830985915492956 0.6581920903954802 0.07746478873239436 0.15254237288135594
1 0.5809859154929577 0.6610169491525424 0.07042253521126761 0.14689265536723164
1 0.5246478873239436 0.6666666666666666 0.07746478873239436 0.14689265536723164
1 0.20774647887323944 0.2033898305084746 0.035211267605633804 0.11299435028248588
1 0.23591549295774647 0.24293785310734464 0.04225352112676056 0.15819209039548024
1 0.2658450704225352 0.268361581920904 0.045774647887323945 0.1751412429378531
1 0.31161971830985913 0.2711864406779661 0.07394366197183098 0.22598870056497175
1 0.8045774647887324 0.2994350282485876 0.045774647887323945 0.11299435028248588
1 0.3785211267605634 0.3022598870056497 0.07042253521126761 0.1977401129943503
1 0.4612676056338028 0.327683615819209 0.1056338028169014 0.24858757062146894
1 0.6426056338028169 0.3333333333333333 0.06690140845070422 0.192090395480226
1 0.7764084507042254 0.3418079096045198 0.0528169014084507 0.11864406779661017
1 0.7429577464788732 0.3418079096045198 0.04225352112676056 0.15254237288135594
1 0.551056338028169 0.3446327683615819 0.10915492957746478 0.22598870056497175
1 0.6971830985915493 0.3418079096045198 0.07042253521126761 0.22033898305084745
1 0.2605633802816901 0.4463276836158192 0.07746478873239436 0.1016949152542373
1 0.2992957746478873 0.5112994350282486 0.08450704225352113 0.07344632768361582
1 0.7535211267605634 0.519774011299435 0.07746478873239436 0.11299435028248588
1 0.31690140845070425 0.5621468926553672 0.06338028169014084 0.10734463276836158