1 0.7591666666666667 0.42246376811594205 0.15333333333333332 0.41884057971014493
1 0.38958333333333334 0.4260869565217391 0.2175 0.5043478260869565
0 0.24416666666666667 0.427536231884058 0.13666666666666666 0.3855072463768116
1 0.5966666666666667 0.42681159420289855 0.22166666666666668 0.49130434782608695
0 0.13833333333333334 0.48478260869565215 0.09833333333333333 0.45652173913043476
1 0.95125 0.5057971014492754 0.03916666666666667 0.30144927536231886
1 0.9229166666666667 0.5152173913043478 0.0625 0.34057971014492755
1 0.08833333333333333 0.527536231884058 0.058333333333333334 0.34347826086956523
1 0.94 0.7101449275362319 0.041666666666666664 0.11594202898550725
0 0.7829166666666667 0.7144927536231884 0.11916666666666667 0.2855072463768116
1 0.15125 0.7166666666666667 0.08416666666666667 0.1608695652173913
1 0.6745833333333333 0.7181159420289855 0.1125 0.30869565217391304
1 0.9154166666666667 0.7347826086956522 0.050833333333333335 0.13043478260869565
0 0.23125 0.7384057971014493 0.11916666666666667 0.2768115942028985
1 0.45416666666666666 0.7405797101449275 0.12333333333333334 0.26956521739130435
1 0.8729166666666667 0.744927536231884 0.09416666666666666 0.1826086956521739
1 0.55875 0.7485507246376811 0.1325 0.2797101449275362
0 0.34375 0.7565217391304347 0.1125 0.2289855072463768