1 0.9044117647058824 0.5459459459459459 0.07352941176470588 0.11891891891891893
1 0.06801470588235294 0.8432432432432433 0.1213235294117647 0.15135135135135136
1 0.8676470588235294 0.8783783783783784 0.0661764705882353 0.14594594594594595
1 0.15441176470588236 0.8810810810810811 0.13970588235294118 0.15135135135135136
1 0.3474264705882353 0.8837837837837837 0.1213235294117647 0.23243243243243245
1 0.6470588235294118 0.8864864864864865 0.11764705882352941 0.1837837837837838
1 0.24632352941176472 0.8918918918918919 0.10294117647058823 0.21621621621621623
1 0.44485294117647056 0.8945945945945946 0.125 0.2
1 0.5514705882352942 0.9 0.11029411764705882 0.2
1 0.7371323529411765 0.9027027027027027 0.09926470588235294 0.1945945945945946
1 0.8125 0.9162162162162162 0.10294117647058823 0.16756756756756758
1 0.2555147058823529 0.3891891891891892 0.12867647058823528 0.25405405405405407
1 0.5661764705882353 0.3918918918918919 0.18382352941176472 0.24324324324324326
1 0.40441176470588236 0.3945945945945946 0.19117647058823528 0.23783783783783785
1 0.7058823529411765 0.4081081081081081 0.11764705882352941 0.22162162162162163
1 0.14705882352941177 0.42162162162162165 0.14705882352941177 0.2594594594594595
1 0.07720588235294118 0.4594594594594595 0.10294117647058823 0.20540540540540542
1 0.7959558823529411 0.4702702702702703 0.12867647058823528 0.22702702702702704
1 0.8658088235294118 0.5135135135135135 0.08455882352941177 0.15135135135135136