1 0.990909090909091 0.42896174863387976 0.01818181818181818 0.060109289617486336
1 0.7127272727272728 0.4371584699453552 0.03636363636363636 0.08743169398907104
1 0.9727272727272728 0.4453551912568306 0.03272727272727273 0.08196721311475409
1 0.7563636363636363 0.44808743169398907 0.03636363636363636 0.09836065573770492
1 0.7345454545454545 0.44808743169398907 0.02181818181818182 0.08743169398907104
1 0.9509090909090909 0.44808743169398907 0.04 0.09836065573770492
1 0.9163636363636364 0.44808743169398907 0.04363636363636364 0.09836065573770492
1 0.7854545454545454 0.453551912568306 0.03636363636363636 0.08743169398907104
1 0.8254545454545454 0.453551912568306 0.05818181818181818 0.09836065573770492
1 0.8781818181818182 0.453551912568306 0.05454545454545454 0.09836065573770492
1 0.9381818181818182 0.5 0.03636363636363636 0.0273224043715847
1 0.7836363636363637 0.5027322404371585 0.04727272727272727 0.03278688524590164
1 0.9090909090909091 0.505464480874317 0.02909090909090909 0.0273224043715847
1 0.8472727272727273 0.5109289617486339 0.03636363636363636 0.03825136612021858
1 0.8163636363636364 0.5109289617486339 0.03272727272727273 0.0273224043715847
1 0.88 0.5136612021857924 0.03636363636363636 0.03278688524590164