1 0.07608695652173914 0.855191256830601 0.10144927536231885 0.16939890710382513
1 0.8586956521739131 0.8688524590163934 0.07246376811594203 0.15300546448087432
1 0.161231884057971 0.8825136612021858 0.10507246376811594 0.16939890710382513
1 0.730072463768116 0.8879781420765027 0.09782608695652174 0.21311475409836064
1 0.6431159420289855 0.8989071038251366 0.12681159420289856 0.18032786885245902
1 0.35144927536231885 0.8989071038251366 0.12318840579710146 0.20218579234972678
1 0.8152173913043478 0.9043715846994536 0.08695652173913043 0.14754098360655737
1 0.45471014492753625 0.907103825136612 0.11956521739130435 0.18579234972677597
1 0.2427536231884058 0.907103825136612 0.10144927536231885 0.18579234972677597
1 0.5489130434782609 0.9098360655737705 0.11956521739130435 0.16939890710382513
1 0.39855072463768115 0.3907103825136612 0.16666666666666666 0.2568306010928962
1 0.6920289855072463 0.39344262295081966 0.10144927536231885 0.2185792349726776
1 0.5615942028985508 0.3989071038251366 0.16666666666666666 0.25136612021857924
1 0.25905797101449274 0.4016393442622951 0.11231884057971014 0.21311475409836064
1 0.14492753623188406 0.4453551912568306 0.13768115942028986 0.2459016393442623
1 0.7971014492753623 0.45901639344262296 0.08695652173913043 0.22950819672131148
1 0.09057971014492754 0.4918032786885246 0.09420289855072464 0.20765027322404372
1 0.036231884057971016 0.5109289617486339 0.07246376811594203 0.20218579234972678
1 0.8387681159420289 0.5218579234972678 0.07608695652173914 0.14754098360655737
1 0.8822463768115942 0.5437158469945356 0.06159420289855073 0.14754098360655737