1 0.6254545454545455 0.36885245901639346 0.05090909090909091 0.07103825136612021
1 0.41454545454545455 0.36885245901639346 0.03636363636363636 0.04918032786885246
1 0.45454545454545453 0.3743169398907104 0.03636363636363636 0.060109289617486336
1 0.6527272727272727 0.37158469945355194 0.04727272727272727 0.0546448087431694
1 0.5709090909090909 0.3770491803278688 0.06545454545454546 0.08743169398907104
1 0.509090909090909 0.3825136612021858 0.06545454545454546 0.08743169398907104
1 0.4036363636363636 0.45901639344262296 0.02909090909090909 0.0546448087431694
1 0.6418181818181818 0.45901639344262296 0.04 0.04371584699453552
1 0.43454545454545457 0.4726775956284153 0.04 0.060109289617486336
1 0.6145454545454545 0.48633879781420764 0.03636363636363636 0.0546448087431694
1 0.4672727272727273 0.4890710382513661 0.04727272727272727 0.03825136612021858
1 0.5472727272727272 0.4972677595628415 0.04 0.0546448087431694
1 0.5109090909090909 0.5 0.04727272727272727 0.04918032786885246
1 0.5836363636363636 0.505464480874317 0.04727272727272727 0.060109289617486336