1 0.80712890625 0.3837606837606838 0.0498046875 0.21025641025641026
1 0.7607421875 0.40854700854700854 0.091796875 0.19145299145299147
1 0.69873046875 0.4666666666666667 0.1318359375 0.22905982905982905
1 0.822265625 0.5051282051282051 0.05859375 0.0735042735042735
1 0.77783203125 0.5316239316239316 0.0615234375 0.12307692307692308
1 0.60986328125 0.5547008547008547 0.1435546875 0.2205128205128205
1 0.7509765625 0.588034188034188 0.06640625 0.1094017094017094
1 0.69677734375 0.617948717948718 0.0771484375 0.11794871794871795
1 0.5244140625 0.6333333333333333 0.099609375 0.19658119658119658
1 0.64208984375 0.67008547008547 0.0927734375 0.12991452991452992
1 0.44677734375 0.6760683760683761 0.0869140625 0.2205128205128205
1 0.57958984375 0.7222222222222222 0.0810546875 0.11452991452991453
1 0.392578125 0.752991452991453 0.076171875 0.15555555555555556
1 0.52978515625 0.7692307692307693 0.0712890625 0.12307692307692308
1 0.3486328125 0.7752136752136752 0.087890625 0.15213675213675212
1 0.47265625 0.8136752136752137 0.0703125 0.09230769230769231