1 0.04 0.5546448087431693 0.08 0.21311475409836064
1 0.7709090909090909 0.7704918032786885 0.06545454545454546 0.12021857923497267
1 0.7090909090909091 0.7759562841530054 0.10181818181818182 0.14207650273224043
1 0.6454545454545455 0.7814207650273224 0.08363636363636363 0.16393442622950818
1 0.5690909090909091 0.7896174863387978 0.12 0.1366120218579235
1 0.45454545454545453 0.8005464480874317 0.13090909090909092 0.1366120218579235
1 0.7818181818181819 0.3251366120218579 0.10909090909090909 0.3114754098360656
1 0.8418181818181818 0.3224043715846995 0.04 0.273224043715847
1 0.6727272727272727 0.32786885245901637 0.14545454545454545 0.32786885245901637
1 0.5454545454545454 0.35792349726775957 0.15272727272727274 0.2786885245901639
1 0.4127272727272727 0.3989071038251366 0.16363636363636364 0.31693989071038253
1 0.27636363636363637 0.49453551912568305 0.16 0.23497267759562843
1 0.13636363636363635 0.5327868852459017 0.14909090909090908 0.23497267759562843