1 0.22181818181818183 0.5683060109289617 0.13090909090909092 0.14207650273224043
1 0.7163636363636363 0.5737704918032787 0.10909090909090909 0.15300546448087432
1 0.6981818181818182 0.6885245901639344 0.11636363636363636 0.14207650273224043
1 0.2381818181818182 0.6939890710382514 0.14181818181818182 0.13114754098360656
1 0.6672727272727272 0.8005464480874317 0.09090909090909091 0.15846994535519127
1 0.2818181818181818 0.8060109289617486 0.09090909090909091 0.14754098360655737
1 0.5981818181818181 0.8469945355191257 0.07636363636363637 0.13114754098360656
1 0.3563636363636364 0.8497267759562842 0.08 0.1366120218579235
1 0.4290909090909091 0.8879781420765027 0.10181818181818182 0.18032786885245902
1 0.5254545454545455 0.8934426229508197 0.10545454545454545 0.16939890710382513
0 0.7509090909090909 0.25136612021857924 0.14181818181818182 0.19672131147540983
0 0.15454545454545454 0.2677595628415301 0.13454545454545455 0.19672131147540983
0 0.74 0.4262295081967213 0.13454545454545455 0.2185792349726776
0 0.18 0.4344262295081967 0.15636363636363637 0.21311475409836064