1 0.29944444444444446 0.4008333333333333 0.034444444444444444 0.135
1 0.715 0.4008333333333333 0.03222222222222222 0.09833333333333333
1 0.6922222222222222 0.4083333333333333 0.035555555555555556 0.11333333333333333
1 0.32944444444444443 0.4141666666666667 0.04111111111111111 0.125
1 0.6577777777777778 0.42083333333333334 0.05333333333333334 0.13833333333333334
1 0.3622222222222222 0.4225 0.05333333333333334 0.145
1 0.6072222222222222 0.4241666666666667 0.06333333333333334 0.13833333333333334
1 0.40555555555555556 0.42916666666666664 0.06222222222222222 0.155
1 0.5527777777777778 0.43833333333333335 0.07666666666666666 0.15
1 0.4688888888888889 0.44416666666666665 0.08888888888888889 0.15166666666666667
1 0.6205555555555555 0.5141666666666667 0.04777777777777778 0.065
1 0.5877777777777777 0.5283333333333333 0.051111111111111114 0.07666666666666666
1 0.4438888888888889 0.5325 0.058888888888888886 0.07166666666666667
1 0.5477777777777778 0.5333333333333333 0.04888888888888889 0.08666666666666667
1 0.4905555555555556 0.54 0.056666666666666664 0.08