0 0.2364620938628159 0.6236263736263736 0.09025270758122744 0.1043956043956044
1 0.7148014440433214 0.6428571428571429 0.07220216606498195 0.07692307692307693
1 0.6805054151624549 0.6648351648351648 0.07581227436823104 0.06593406593406594
0 0.3104693140794224 0.6648351648351648 0.07942238267148015 0.0989010989010989
1 0.6083032490974729 0.6730769230769231 0.07581227436823104 0.08241758241758242
0 0.3935018050541516 0.6813186813186813 0.07220216606498195 0.07692307692307693
1 0.5379061371841155 0.6923076923076923 0.06498194945848375 0.06593406593406594
0 0.4584837545126354 0.6895604395604396 0.07220216606498195 0.06043956043956044
1 0.5649819494584838 0.3901098901098901 0.11191335740072202 0.23076923076923078
1 0.6606498194945848 0.3901098901098901 0.07942238267148015 0.2087912087912088
0 0.33212996389891697 0.3901098901098901 0.07942238267148015 0.2087912087912088
0 0.43501805054151627 0.3983516483516483 0.11913357400722022 0.23626373626373626
0 0.2743682310469314 0.41483516483516486 0.08664259927797834 0.2032967032967033
1 0.7364620938628159 0.4230769230769231 0.07220216606498195 0.1978021978021978
1 0.796028880866426 0.4340659340659341 0.061371841155234655 0.17582417582417584
1 0.8429602888086642 0.43956043956043955 0.039711191335740074 0.14285714285714285
0 0.22021660649819494 0.44505494505494503 0.06498194945848375 0.17582417582417584
0 0.16967509025270758 0.43956043956043955 0.04332129963898917 0.12087912087912088