1 0.6725490196078432 0.51010101010101 0.058823529411764705 0.12121212121212122
1 0.7509803921568627 0.5151515151515151 0.058823529411764705 0.08080808080808081
1 0.707843137254902 0.5202020202020202 0.050980392156862744 0.12121212121212122
1 0.29215686274509806 0.5227272727272727 0.050980392156862744 0.11616161616161616
1 0.24901960784313726 0.5277777777777778 0.043137254901960784 0.11616161616161616
1 0.7196078431372549 0.5303030303030303 0.03529411764705882 0.1111111111111111
1 0.6588235294117647 0.6540404040404041 0.047058823529411764 0.05555555555555555
1 0.3235294117647059 0.6565656565656566 0.058823529411764705 0.06060606060606061
1 0.37450980392156863 0.6590909090909091 0.058823529411764705 0.09595959595959595
1 0.5607843137254902 0.6590909090909091 0.06274509803921569 0.09595959595959595
1 0.5117647058823529 0.6616161616161617 0.06666666666666667 0.1414141414141414
1 0.6137254901960785 0.6641414141414141 0.058823529411764705 0.08585858585858586
1 0.41568627450980394 0.6641414141414141 0.054901960784313725 0.10606060606060606
1 0.4627450980392157 0.6717171717171717 0.06274509803921569 0.1111111111111111
1 0.3764705882352941 0.4898989898989899 0.07058823529411765 0.13131313131313133
1 0.5411764705882353 0.49242424242424243 0.09411764705882353 0.14646464646464646
1 0.45098039215686275 0.49242424242424243 0.09411764705882353 0.14646464646464646
1 0.6196078431372549 0.5 0.06274509803921569 0.13131313131313133
1 0.3215686274509804 0.5025252525252525 0.07058823529411765 0.10606060606060606