1 0.3125 0.35 0.03 0.06666666666666667
1 0.706875 0.37083333333333335 0.02625 0.055
1 0.329375 0.37416666666666665 0.03125 0.07166666666666667
1 0.686875 0.3825 0.03125 0.075
1 0.348125 0.3925 0.03125 0.09833333333333333
1 0.378125 0.39416666666666667 0.05375 0.10833333333333334
1 0.663125 0.3958333333333333 0.03375 0.085
1 0.641875 0.4033333333333333 0.04875 0.12
1 0.419375 0.4091666666666667 0.06125 0.125
1 0.598125 0.4141666666666667 0.05625 0.12833333333333333
1 0.4775 0.4241666666666667 0.0775 0.135
1 0.54125 0.43166666666666664 0.08 0.13666666666666666
1 0.3325 0.435 0.03 0.06333333333333334
1 0.35625 0.46 0.04 0.056666666666666664
1 0.65625 0.4775 0.0425 0.095
1 0.37625 0.48583333333333334 0.05 0.065
1 0.63375 0.49583333333333335 0.0375 0.07166666666666667
1 0.405 0.5091666666666667 0.0475 0.075
1 0.6075 0.5116666666666667 0.0375 0.08666666666666667
1 0.570625 0.5283333333333333 0.05875 0.07666666666666666
1 0.444375 0.5308333333333334 0.05125 0.07166666666666667
1 0.486875 0.5358333333333334 0.04875 0.07833333333333334
1 0.53 0.5383333333333333 0.0575 0.07333333333333333