1 0.43555555555555553 0.44666666666666666 0.09777777777777778 0.1288888888888889
1 0.7177777777777777 0.4488888888888889 0.04 0.06222222222222222
1 0.38 0.4688888888888889 0.08444444444444445 0.1111111111111111
1 0.6911111111111111 0.47333333333333333 0.057777777777777775 0.06666666666666667
1 0.6666666666666666 0.5044444444444445 0.07111111111111111 0.07555555555555556
1 0.33111111111111113 0.5066666666666667 0.07555555555555556 0.09777777777777778
1 0.6355555555555555 0.52 0.06222222222222222 0.08
1 0.30666666666666664 0.5222222222222223 0.07111111111111111 0.07555555555555556
1 0.5955555555555555 0.54 0.07111111111111111 0.08444444444444445
1 0.28 0.5444444444444444 0.06222222222222222 0.06666666666666667
1 0.2511111111111111 0.5533333333333333 0.04888888888888889 0.057777777777777775
1 0.5511111111111111 0.5644444444444444 0.05333333333333334 0.09777777777777778
1 0.5088888888888888 0.5844444444444444 0.06666666666666667 0.08444444444444445
1 0.4622222222222222 0.5955555555555555 0.07111111111111111 0.08
1 0.4222222222222222 0.6133333333333333 0.06222222222222222 0.07111111111111111
1 0.37777777777777777 0.6155555555555555 0.044444444444444446 0.07555555555555556
1 0.3422222222222222 0.6177777777777778 0.044444444444444446 0.05333333333333334
1 0.7066666666666667 0.3466666666666667 0.044444444444444446 0.09777777777777778
1 0.6755555555555556 0.35555555555555557 0.035555555555555556 0.08888888888888889
1 0.6511111111111111 0.3622222222222222 0.04888888888888889 0.1111111111111111
1 0.6088888888888889 0.37555555555555553 0.05333333333333334 0.1111111111111111
1 0.5622222222222222 0.38666666666666666 0.07555555555555556 0.10666666666666667
1 0.5044444444444445 0.4222222222222222 0.10222222222222223 0.12444444444444444