1 0.9381625441696113 0.5926966292134831 0.09540636042402827 0.2640449438202247
1 0.8674911660777385 0.6235955056179775 0.16607773851590105 0.39325842696629215
1 0.026501766784452298 0.6264044943820225 0.053003533568904596 0.17415730337078653
1 0.06537102473498234 0.6320224719101124 0.06713780918727916 0.19662921348314608
0 0.13427561837455831 0.6685393258426966 0.13427561837455831 0.33707865168539325
0 0.7084805653710248 0.6685393258426966 0.18021201413427562 0.3707865168539326
0 0.25618374558303886 0.6741573033707865 0.17314487632508835 0.3707865168539326
1 0.41519434628975266 0.6910112359550562 0.1519434628975265 0.33707865168539325
1 0.5636042402826855 0.6938202247191011 0.14487632508833923 0.3539325842696629
1 0.8356890459363958 0.24157303370786518 0.1872791519434629 0.47191011235955055
1 0.9469964664310954 0.2808988764044944 0.10600706713780919 0.42696629213483145
1 0.6466431095406361 0.29213483146067415 0.24734982332155478 0.48314606741573035
1 0.42226148409893993 0.2893258426966292 0.2579505300353357 0.5337078651685393
1 0.21201413427561838 0.3061797752808989 0.19081272084805653 0.42134831460674155
0 0.07773851590106007 0.32865168539325845 0.13427561837455831 0.42134831460674155