1 0.33935018050541516 0.42857142857142855 0.021660649819494584 0.07692307692307693
1 0.3628158844765343 0.4340659340659341 0.032490974729241874 0.0989010989010989
1 0.6010830324909747 0.43956043956043955 0.032490974729241874 0.07692307692307693
1 0.3989169675090253 0.45054945054945056 0.04693140794223827 0.10989010989010989
1 0.5794223826714802 0.4478021978021978 0.039711191335740074 0.09340659340659341
1 0.5397111913357401 0.46153846153846156 0.04693140794223827 0.0989010989010989
1 0.4404332129963899 0.46703296703296704 0.05776173285198556 0.0989010989010989
1 0.4963898916967509 0.46703296703296704 0.05415162454873646 0.0989010989010989
1 0.5487364620938628 0.5164835164835165 0.036101083032490974 0.03296703296703297
1 0.4223826714801444 0.521978021978022 0.04332129963898917 0.03296703296703297
1 0.5216606498194946 0.5274725274725275 0.039711191335740074 0.04395604395604396
1 0.45126353790613716 0.532967032967033 0.036101083032490974 0.04395604395604396
1 0.48194945848375453 0.5357142857142857 0.04693140794223827 0.04945054945054945