1 0.8872180451127819 0.6657894736842105 0.15037593984962405 0.19473684210526315
1 0.7330827067669173 0.6684210526315789 0.13533834586466165 0.11578947368421053
1 0.24436090225563908 0.6684210526315789 0.14285714285714285 0.15789473684210525
1 0.03571428571428571 0.6842105263157895 0.07142857142857142 0.17894736842105263
1 0.12030075187969924 0.6947368421052632 0.14285714285714285 0.2
1 0.9511278195488722 0.3973684210526316 0.09774436090225563 0.46842105263157896
1 0.40225563909774437 0.4131578947368421 0.2631578947368421 0.5
1 0.8308270676691729 0.4236842105263158 0.16541353383458646 0.3736842105263158
1 0.19360902255639098 0.4263157894736842 0.17669172932330826 0.37894736842105264
1 0.6428571428571429 0.4342105263157895 0.2706766917293233 0.45789473684210524
1 0.05827067669172932 0.45526315789473687 0.11654135338345864 0.4052631578947368