1 0.785 0.3303303303303303 0.102 0.2822822822822823
1 0.849 0.33183183183183185 0.058 0.2732732732732733
1 0.686 0.33783783783783783 0.144 0.2912912912912913
1 0.553 0.36186186186186187 0.13 0.2552552552552553
1 0.416 0.4114114114114114 0.144 0.2822822822822823
1 0.275 0.4954954954954955 0.154 0.21621621621621623
1 0.14 0.5435435435435435 0.14 0.1981981981981982
1 0.044 0.5765765765765766 0.088 0.17417417417417416
1 0.705 0.7837837837837838 0.07 0.12012012012012012
1 0.761 0.7837837837837838 0.062 0.11411411411411411
1 0.646 0.7897897897897898 0.08 0.12012012012012012
1 0.567 0.7927927927927928 0.118 0.10810810810810811
1 0.455 0.7972972972972973 0.118 0.08708708708708708