1 0.28735632183908044 0.41810344827586204 0.0367816091954023 0.09137931034482759
1 0.31551724137931036 0.4379310344827586 0.04942528735632184 0.12758620689655173
1 0.6511494252873563 0.4525862068965517 0.06091954022988506 0.11896551724137931
1 0.35977011494252875 0.4543103448275862 0.06206896551724138 0.14655172413793102
1 0.5816091954022988 0.46379310344827585 0.09195402298850575 0.1793103448275862
1 0.49885057471264366 0.47672413793103446 0.10344827586206896 0.17413793103448275
1 0.41954022988505746 0.48017241379310344 0.06896551724137931 0.12586206896551724
1 0.367816091954023 0.5474137931034483 0.05517241379310345 0.0706896551724138
1 0.41839080459770117 0.5672413793103448 0.06206896551724138 0.0896551724137931
1 0.47011494252873565 0.5706896551724138 0.06436781609195402 0.07931034482758621
1 0.5689655172413793 0.571551724137931 0.052873563218390804 0.06379310344827586
1 0.5235632183908046 0.5775862068965517 0.05632183908045977 0.07241379310344828