1 0.1925 0.25125 0.051666666666666666 0.0925
1 0.2325 0.2725 0.06833333333333333 0.105
1 0.34833333333333333 0.29 0.03333333333333333 0.08
1 0.2808333333333333 0.29125 0.058333333333333334 0.0925
1 0.31416666666666665 0.29625 0.045 0.0875
1 0.16333333333333333 0.32 0.04 0.05
1 0.19916666666666666 0.3325 0.045 0.045
1 0.23166666666666666 0.3475 0.03333333333333333 0.045
1 0.25583333333333336 0.35 0.03166666666666667 0.045
1 0.31083333333333335 0.355 0.03833333333333333 0.04
1 0.28 0.36 0.03333333333333333 0.055
1 0.69 0.4425 0.02666666666666667 0.065
1 0.7208333333333333 0.455 0.028333333333333332 0.095
1 0.7 0.455 0.023333333333333334 0.065
1 0.745 0.47375 0.03666666666666667 0.0875
1 0.7766666666666666 0.49375 0.05333333333333334 0.1025
1 0.8166666666666667 0.5025 0.04666666666666667 0.1
1 0.8833333333333333 0.5075 0.04 0.09
1 0.8525 0.5075 0.03833333333333333 0.085
1 0.915 0.51625 0.02 0.0675
1 0.9316666666666666 0.5175 0.03333333333333333 0.065
1 0.8991666666666667 0.5225 0.021666666666666667 0.06
1 0.09666666666666666 0.22875 0.03 0.0875
1 0.12333333333333334 0.23375 0.03 0.0775
1 0.1525 0.2375 0.04833333333333333 0.095