0 0.1618181818181818 0.5491803278688525 0.09090909090909091 0.1912568306010929
0 0.9745454545454545 0.5519125683060109 0.05090909090909091 0.13114754098360656
1 0.9109090909090909 0.5628415300546448 0.09090909090909091 0.13114754098360656
0 0.850909090909091 0.5765027322404371 0.08727272727272728 0.1912568306010929
1 0.64 0.5765027322404371 0.10909090909090909 0.2459016393442623
0 0.25272727272727274 0.5819672131147541 0.11272727272727273 0.21311475409836064
1 0.54 0.5819672131147541 0.09090909090909091 0.23497267759562843
1 0.4509090909090909 0.587431693989071 0.09454545454545454 0.23497267759562843
0 0.7490909090909091 0.587431693989071 0.12363636363636364 0.2677595628415301
1 0.35454545454545455 0.5956284153005464 0.09090909090909091 0.25136612021857924
1 0.3981818181818182 0.3551912568306011 0.16363636363636364 0.30601092896174864
1 0.5545454545454546 0.36065573770491804 0.1709090909090909 0.28415300546448086
0 0.18363636363636363 0.366120218579235 0.09818181818181818 0.25136612021857924
1 0.6909090909090909 0.366120218579235 0.13090909090909092 0.24043715846994534
1 0.2727272727272727 0.3743169398907104 0.10909090909090909 0.2677595628415301
1 0.07454545454545454 0.3770491803278688 0.04727272727272727 0.18579234972677597
0 0.8054545454545454 0.3770491803278688 0.12 0.24043715846994534
1 0.03636363636363636 0.3797814207650273 0.05090909090909091 0.16939890710382513
1 0.11818181818181818 0.3879781420765027 0.07636363636363637 0.18579234972677597
0 0.9 0.3989071038251366 0.08363636363636363 0.20765027322404372
1 0.9581818181818181 0.40437158469945356 0.06181818181818182 0.18579234972677597
1 0.04727272727272727 0.5273224043715847 0.08 0.1366120218579235
1 0.10545454545454545 0.5437158469945356 0.05818181818181818 0.1366120218579235