1 0.8644444444444445 0.7033333333333334 0.06222222222222222 0.1
1 0.79 0.7233333333333334 0.09111111111111111 0.11333333333333333
1 0.6866666666666666 0.7277777777777777 0.12 0.12666666666666668
1 0.5988888888888889 0.7388888888888889 0.06888888888888889 0.09555555555555556
1 0.5355555555555556 0.7488888888888889 0.05333333333333334 0.07555555555555556
1 0.8533333333333334 0.7733333333333333 0.044444444444444446 0.06222222222222222
1 0.8044444444444444 0.7988888888888889 0.057777777777777775 0.07333333333333333
1 0.7433333333333333 0.8111111111111111 0.06 0.07555555555555556
1 0.5522222222222222 0.82 0.06 0.06666666666666667
1 0.6811111111111111 0.8266666666666667 0.06444444444444444 0.07111111111111111
1 0.6133333333333333 0.83 0.06666666666666667 0.08666666666666667