1 0.7535714285714286 0.28778467908902694 0.05285714285714286 0.2153209109730849
1 0.7264285714285714 0.3281573498964803 0.06714285714285714 0.19668737060041408
1 0.6671428571428571 0.37267080745341613 0.10857142857142857 0.2443064182194617
1 0.5585714285714286 0.4337474120082816 0.15714285714285714 0.22567287784679088
1 0.44857142857142857 0.4886128364389234 0.12857142857142856 0.18633540372670807
1 0.3357142857142857 0.5227743271221532 0.13714285714285715 0.21739130434782608
1 0.24142857142857144 0.572463768115942 0.10571428571428572 0.17184265010351968
1 0.6507142857142857 0.5910973084886129 0.07571428571428572 0.07246376811594203
1 0.155 0.593167701863354 0.11285714285714285 0.15527950310559005
1 0.08428571428571428 0.6107660455486542 0.08 0.13664596273291926
1 0.5857142857142857 0.6273291925465838 0.08571428571428572 0.11594202898550725
1 0.5078571428571429 0.6666666666666666 0.10428571428571429 0.08281573498964803