1 0.678076923076923 0.3834900731452456 0.031538461538461536 0.06478578892371996
1 0.5857692307692308 0.3834900731452456 0.057692307692307696 0.0794148380355277
1 0.39615384615384613 0.3850574712643678 0.05076923076923077 0.09090909090909091
1 0.6576923076923077 0.3850574712643678 0.02923076923076923 0.07628004179728318
1 0.5246153846153846 0.38662486938349006 0.08 0.0877742946708464
1 0.6273076923076923 0.3876698014629049 0.05153846153846154 0.0877742946708464
1 0.31115384615384617 0.3897596656217346 0.02846153846153846 0.07314524555903866
1 0.3553846153846154 0.39237199582027166 0.03538461538461538 0.10344827586206896
1 0.455 0.39237199582027166 0.07461538461538461 0.08045977011494253
1 0.3273076923076923 0.3928944618599791 0.03 0.08986415882967608
1 0.3576923076923077 0.438871473354232 0.02923076923076923 0.03134796238244514
1 0.6284615384615385 0.4399164054336468 0.043076923076923075 0.03761755485893417
1 0.385 0.445141065830721 0.04692307692307692 0.050156739811912224
1 0.5923076923076923 0.44879832810867293 0.046153846153846156 0.06374085684430512
1 0.4269230769230769 0.45141065830721006 0.04461538461538461 0.06896551724137931
1 0.5538461538461539 0.4540229885057471 0.05692307692307692 0.07836990595611286
1 0.5103846153846154 0.4535005224660397 0.05 0.07314524555903866
1 0.4676923076923077 0.4566353187042842 0.04923076923076923 0.06478578892371996