1 0.41872791519434627 0.32865168539325845 0.024734982332155476 0.08426966292134831
1 0.43992932862190814 0.35674157303370785 0.024734982332155476 0.08426966292134831
1 0.7756183745583038 0.36235955056179775 0.03180212014134275 0.07303370786516854
1 0.765017667844523 0.37640449438202245 0.024734982332155476 0.10112359550561797
1 0.4664310954063604 0.37640449438202245 0.0353356890459364 0.10112359550561797
1 0.49469964664310956 0.3848314606741573 0.04240282685512368 0.11797752808988764
1 0.7420494699646644 0.3960674157303371 0.04240282685512368 0.10674157303370786
1 0.7014134275618374 0.398876404494382 0.053003533568904596 0.1348314606741573
1 0.5371024734982333 0.40730337078651685 0.05653710247349823 0.11797752808988764
1 0.6537102473498233 0.4241573033707865 0.0636042402826855 0.12921348314606743
1 0.5918727915194346 0.42134831460674155 0.06713780918727916 0.12359550561797752
1 0.558303886925795 0.47752808988764045 0.04240282685512368 0.0449438202247191
1 0.6395759717314488 0.4887640449438202 0.0353356890459364 0.033707865168539325
1 0.598939929328622 0.4859550561797753 0.038869257950530034 0.028089887640449437