1 0.2600896860986547 0.4006849315068493 0.026905829596412557 0.11643835616438356
1 0.2802690582959641 0.4178082191780822 0.02242152466367713 0.136986301369863
1 0.726457399103139 0.4178082191780822 0.04484304932735426 0.10273972602739725
1 0.29932735426008966 0.4366438356164384 0.02466367713004484 0.14726027397260275
1 0.6939461883408071 0.4417808219178082 0.03811659192825112 0.15753424657534246
1 0.3295964125560538 0.4554794520547945 0.04932735426008968 0.1917808219178082
1 0.6524663677130045 0.4606164383561644 0.06726457399103139 0.1815068493150685
1 0.5986547085201793 0.4828767123287671 0.07623318385650224 0.1780821917808219
1 0.38004484304932734 0.4863013698630137 0.06502242152466367 0.15753424657534246
1 0.44730941704035876 0.5051369863013698 0.09192825112107623 0.1678082191780822
1 0.5280269058295964 0.5085616438356164 0.09192825112107623 0.16095890410958905
1 0.6053811659192825 0.5753424657534246 0.06726457399103139 0.04794520547945205
1 0.5594170403587444 0.6061643835616438 0.05605381165919283 0.06164383561643835
1 0.5145739910313901 0.6147260273972602 0.0515695067264574 0.04452054794520548
1 0.45964125560538116 0.6198630136986302 0.06278026905829596 0.06164383561643835