1 0.844 0.23163418290854573 0.05 0.08545727136431784
1 0.8055 0.2353823088455772 0.045 0.08095952023988005
1 0.881 0.2353823088455772 0.038 0.07796101949025487
1 0.771 0.24212893553223389 0.03 0.0734632683658171
1 0.911 0.24962518740629686 0.032 0.06446776611694154
1 0.743 0.2563718140929535 0.032 0.06596701649175413
1 0.926 0.2646176911544228 0.028 0.06446776611694154
1 0.722 0.27211394302848574 0.024 0.05247376311844078
1 0.941 0.27436281859070466 0.022 0.05697151424287856
1 0.7145 0.29610194902548725 0.019 0.046476761619190406
1 0.698 0.29985007496251875 0.024 0.035982008995502246
1 0.8835 0.3230884557721139 0.031 0.034482758620689655
1 0.7605 0.32458770614692656 0.025 0.01649175412293853
1 0.8305 0.32533733133433285 0.031 0.038980509745127435
1 0.7825 0.32608695652173914 0.023 0.031484257871064465
1 0.806 0.32608695652173914 0.026 0.043478260869565216
1 0.8545 0.32608695652173914 0.035 0.04047976011994003