1 0.7482014388489209 0.6933701657458563 0.1223021582733813 0.2596685082872928
1 0.9514388489208633 0.6988950276243094 0.09712230215827339 0.24861878453038674
1 0.8687050359712231 0.7099447513812155 0.14028776978417265 0.27071823204419887
1 0.6115107913669064 0.712707182320442 0.1366906474820144 0.22099447513812154
1 0.4712230215827338 0.7237569060773481 0.12949640287769784 0.2541436464088398
1 0.329136690647482 0.7430939226519337 0.1618705035971223 0.281767955801105
1 0.06294964028776978 0.7762430939226519 0.12589928057553956 0.23756906077348067
1 0.18165467625899281 0.7817679558011049 0.16906474820143885 0.3370165745856354
1 0.7661870503597122 0.4696132596685083 0.1366906474820144 0.23204419889502761
1 0.9640287769784173 0.47513812154696133 0.07194244604316546 0.22099447513812154
1 0.89568345323741 0.4696132596685083 0.14388489208633093 0.26519337016574585
1 0.3830935251798561 0.48066298342541436 0.23381294964028776 0.2983425414364641
1 0.60431654676259 0.47790055248618785 0.20863309352517986 0.30386740331491713
1 0.2068345323741007 0.49171270718232046 0.17625899280575538 0.2541436464088398
1 0.0683453237410072 0.494475138121547 0.1366906474820144 0.30386740331491713