1 0.47101449275362317 0.5491803278688525 0.057971014492753624 0.07103825136612021
1 0.39311594202898553 0.4207650273224044 0.06159420289855073 0.16393442622950818
1 0.7427536231884058 0.4207650273224044 0.028985507246376812 0.09836065573770492
1 0.31521739130434784 0.4207650273224044 0.036231884057971016 0.14207650273224043
1 0.6086956521739131 0.4262295081967213 0.06521739130434782 0.16393442622950818
1 0.45471014492753625 0.42896174863387976 0.09782608695652174 0.16939890710382513
1 0.6956521739130435 0.42349726775956287 0.043478260869565216 0.12568306010928962
1 0.6557971014492754 0.4262295081967213 0.050724637681159424 0.15300546448087432
1 0.5416666666666666 0.4262295081967213 0.09782608695652174 0.17486338797814208
1 0.34782608695652173 0.43169398907103823 0.043478260869565216 0.15300546448087432
1 0.7137681159420289 0.4371584699453552 0.028985507246376812 0.1092896174863388
1 0.35144927536231885 0.5081967213114754 0.036231884057971016 0.0546448087431694
1 0.6739130434782609 0.5109289617486339 0.036231884057971016 0.0273224043715847
1 0.6521739130434783 0.5245901639344263 0.043478260869565216 0.04371584699453552
1 0.3894927536231884 0.5218579234972678 0.03985507246376811 0.060109289617486336
1 0.6086956521739131 0.5300546448087432 0.043478260869565216 0.0546448087431694
1 0.4257246376811594 0.5355191256830601 0.05434782608695652 0.06557377049180328
1 0.572463768115942 0.5327868852459017 0.050724637681159424 0.07103825136612021
1 0.5253623188405797 0.5409836065573771 0.06521739130434782 0.08743169398907104