1 0.7583135391923991 0.4008438818565401 0.0344418052256532 0.08438818565400844
1 0.22684085510688837 0.41139240506329117 0.023752969121140142 0.12236286919831224
1 0.7298099762470309 0.41244725738396626 0.048693586698337295 0.11181434599156118
1 0.6146080760095012 0.4240506329113924 0.08432304038004751 0.16455696202531644
1 0.24762470308788598 0.43143459915611815 0.0344418052256532 0.1540084388185654
1 0.6805225653206651 0.43037974683544306 0.0665083135391924 0.16455696202531644
1 0.34026128266033256 0.43248945147679324 0.08194774346793349 0.18143459915611815
1 0.2850356294536817 0.43354430379746833 0.06175771971496437 0.17088607594936708
1 0.5290973871733967 0.4356540084388186 0.11995249406175772 0.18354430379746836
1 0.42102137767220904 0.43670886075949367 0.11282660332541568 0.1729957805907173
1 0.26365795724465557 0.570675105485232 0.04275534441805225 0.07383966244725738
1 0.29275534441805223 0.5875527426160337 0.04631828978622328 0.09915611814345991
1 0.6781472684085511 0.5970464135021097 0.047505938242280284 0.06329113924050633
1 0.32838479809976245 0.6149789029535865 0.055819477434679333 0.10337552742616034
1 0.6312351543942993 0.619198312236287 0.05819477434679335 0.09915611814345991
1 0.5712589073634204 0.630801687763713 0.07600950118764846 0.11814345991561181
1 0.3853919239904988 0.6318565400843882 0.07244655581947744 0.10337552742616034
1 0.4483372921615202 0.6339662447257384 0.07125890736342043 0.12025316455696203
1 0.5071258907363421 0.6360759493670886 0.07125890736342043 0.11181434599156118