0 0.8163636363636364 0.5597826086956522 0.07636363636363637 0.10869565217391304
0 0.07454545454545454 0.5625 0.06909090909090909 0.1358695652173913
0 0.12545454545454546 0.592391304347826 0.07636363636363637 0.15217391304347827
0 0.7654545454545455 0.5896739130434783 0.07636363636363637 0.1358695652173913
0 0.16545454545454547 0.6141304347826086 0.07636363636363637 0.17391304347826086
0 0.7145454545454546 0.6195652173913043 0.07636363636363637 0.13043478260869565
0 0.2309090909090909 0.6168478260869565 0.08363636363636363 0.16847826086956522
0 0.3054545454545455 0.6222826086956522 0.10181818181818182 0.15760869565217392
0 0.5709090909090909 0.6277173913043478 0.10181818181818182 0.1358695652173913
0 0.6509090909090909 0.625 0.09454545454545454 0.15217391304347827
0 0.48 0.6358695652173914 0.10181818181818182 0.13043478260869565
0 0.3890909090909091 0.6385869565217391 0.09454545454545454 0.14673913043478262
0 0.04 0.3967391304347826 0.03636363636363636 0.14130434782608695
0 0.1690909090909091 0.39945652173913043 0.09090909090909091 0.27717391304347827
0 0.11636363636363636 0.41304347826086957 0.05818181818181818 0.21739130434782608
0 0.26181818181818184 0.41032608695652173 0.10909090909090909 0.27717391304347827
0 0.08 0.4157608695652174 0.05818181818181818 0.19021739130434784
0 0.7418181818181818 0.4157608695652174 0.10181818181818182 0.27717391304347827
0 0.6563636363636364 0.43478260869565216 0.12727272727272726 0.2717391304347826
0 0.7927272727272727 0.4375 0.07272727272727272 0.23369565217391305
0 0.5327272727272727 0.44021739130434784 0.16363636363636364 0.31521739130434784
0 0.38545454545454544 0.4483695652173913 0.15272727272727274 0.33152173913043476