1 0.2064814814814815 0.20592592592592593 0.040740740740740744 0.1274074074074074
1 0.23472222222222222 0.2518518518518518 0.03981481481481482 0.1362962962962963
1 0.2675925925925926 0.28074074074074074 0.04814814814814815 0.17629629629629628
1 0.3148148148148148 0.28296296296296297 0.07592592592592592 0.21925925925925926
1 0.37777777777777777 0.3 0.08148148148148149 0.19407407407407407
1 0.8092592592592592 0.3037037037037037 0.037037037037037035 0.11555555555555555
1 0.45740740740740743 0.3333333333333333 0.10925925925925926 0.2311111111111111
1 0.5537037037037037 0.33555555555555555 0.1111111111111111 0.23851851851851852
1 0.6361111111111111 0.34296296296296297 0.08703703703703704 0.19407407407407407
1 0.7013888888888888 0.34296296296296297 0.075 0.21185185185185185
1 0.7763888888888889 0.34444444444444444 0.03981481481481482 0.1437037037037037
1 0.7472222222222222 0.3488888888888889 0.046296296296296294 0.1674074074074074
1 0.26481481481481484 0.43925925925925924 0.09814814814814815 0.0874074074074074
1 0.29583333333333334 0.4985185185185185 0.09537037037037037 0.0962962962962963
1 0.7328703703703704 0.5081481481481481 0.08981481481481482 0.12444444444444444
1 0.31157407407407406 0.5681481481481482 0.05648148148148148 0.0874074074074074
1 0.725462962962963 0.5866666666666667 0.06388888888888888 0.10666666666666667
1 0.35462962962962963 0.5962962962962963 0.06851851851851852 0.08444444444444445
1 0.6916666666666667 0.6125925925925926 0.05740740740740741 0.12
1 0.4134259259259259 0.642962962962963 0.07685185185185185 0.13925925925925925
1 0.6467592592592593 0.6422222222222222 0.06944444444444445 0.1259259259259259
1 0.4666666666666667 0.662962962962963 0.07777777777777778 0.14962962962962964
1 0.5879629629629629 0.6644444444444444 0.07037037037037037 0.1348148148148148
1 0.5319444444444444 0.674074074074074 0.075 0.12444444444444444