1 0.6527272727272727 0.5655737704918032 0.09090909090909091 0.21311475409836064
1 0.36727272727272725 0.5737704918032787 0.08 0.18579234972677597
1 0.56 0.6010928961748634 0.11636363636363636 0.2185792349726776
1 0.4509090909090909 0.6120218579234973 0.12363636363636364 0.20765027322404372
1 0.6690909090909091 0.6502732240437158 0.08727272727272728 0.06557377049180328
1 0.33636363636363636 0.6557377049180327 0.06181818181818182 0.08743169398907104
1 0.39090909090909093 0.6939890710382514 0.08363636363636363 0.07650273224043716
1 0.610909090909091 0.7049180327868853 0.09454545454545454 0.07650273224043716
1 0.4709090909090909 0.7158469945355191 0.09090909090909091 0.0546448087431694
1 0.5327272727272727 0.7185792349726776 0.06909090909090909 0.08196721311475409
1 0.2018181818181818 0.4672131147540984 0.04727272727272727 0.1366120218579235
1 0.7818181818181819 0.48633879781420764 0.06545454545454546 0.15300546448087432
1 0.24545454545454545 0.505464480874317 0.05454545454545454 0.15846994535519127
1 0.7254545454545455 0.5355191256830601 0.08363636363636363 0.18579234972677597
1 0.29818181818181816 0.5409836065573771 0.07272727272727272 0.19672131147540983