1 0.37454545454545457 0.5765027322404371 0.10909090909090909 0.16939890710382513
1 0.5072727272727273 0.5983606557377049 0.06909090909090909 0.08196721311475409
1 0.3145454545454546 0.6065573770491803 0.09090909090909091 0.17486338797814208
1 0.45636363636363636 0.639344262295082 0.07636363636363637 0.07650273224043716
1 0.2690909090909091 0.6475409836065574 0.08 0.14754098360655737
1 0.39636363636363636 0.6666666666666666 0.07272727272727272 0.07650273224043716
1 0.24181818181818182 0.674863387978142 0.04727272727272727 0.10382513661202186
1 0.35454545454545455 0.7076502732240437 0.05454545454545454 0.060109289617486336
1 0.6781818181818182 0.22404371584699453 0.05454545454545454 0.1092896174863388
1 0.6563636363636364 0.27595628415300544 0.06181818181818182 0.15846994535519127
1 0.6272727272727273 0.31420765027322406 0.07636363636363637 0.16939890710382513
1 0.5854545454545454 0.3633879781420765 0.11636363636363636 0.16939890710382513
1 0.52 0.4262295081967213 0.13090909090909092 0.18579234972677597
1 0.6327272727272727 0.43169398907103823 0.05818181818181818 0.04371584699453552
1 0.5945454545454546 0.48633879781420764 0.06181818181818182 0.06557377049180328
1 0.44727272727272727 0.4972677595628415 0.13090909090909092 0.19672131147540983
1 0.5509090909090909 0.5409836065573771 0.06181818181818182 0.07650273224043716