1 0.396875 0.34543325526932084 0.15625 0.3114754098360656
0 0.68515625 0.3629976580796253 0.1078125 0.27634660421545665
0 0.19296875 0.3629976580796253 0.0953125 0.2576112412177986
1 0.55390625 0.3629976580796253 0.1828125 0.26229508196721313
1 0.2828125 0.3747072599531616 0.13125 0.26697892271662765
0 0.11953125 0.37822014051522246 0.0703125 0.19437939110070257
0 0.79921875 0.3793911007025761 0.1078125 0.2388758782201405
1 0.953125 0.37822014051522246 0.059375 0.20374707259953162
0 0.89140625 0.3805620608899297 0.0890625 0.20374707259953162
1 0.07421875 0.3840749414519906 0.0578125 0.1920374707259953
1 0.03125 0.39344262295081966 0.059375 0.1873536299765808
0 0.17109375 0.5327868852459017 0.0921875 0.21311475409836064
0 0.04609375 0.5327868852459017 0.0859375 0.11007025761124122
0 0.840625 0.5362997658079626 0.0875 0.22482435597189696
0 0.11640625 0.5374707259953162 0.0828125 0.14754098360655737
0 0.975 0.544496487119438 0.05 0.14285714285714285
0 0.91875 0.5480093676814989 0.09375 0.16393442622950818
1 0.5453125 0.5761124121779859 0.096875 0.2107728337236534
1 0.44375 0.5784543325526932 0.09375 0.2107728337236534
1 0.35546875 0.5796252927400468 0.0984375 0.23185011709601874
0 0.753125 0.5819672131147541 0.128125 0.2224824355971897
1 0.6390625 0.5843091334894613 0.109375 0.2224824355971897
0 0.25078125 0.5866510538641686 0.0984375 0.19437939110070257