1 0.9636363636363636 0.6174863387978142 0.07272727272727272 0.18579234972677597
1 0.038181818181818185 0.6311475409836066 0.07636363636363637 0.22404371584699453
1 0.9254545454545454 0.6639344262295082 0.10545454545454545 0.2459016393442623
1 0.10181818181818182 0.6830601092896175 0.15272727272727274 0.273224043715847
0 0.24 0.6912568306010929 0.14181818181818182 0.3005464480874317
1 0.7581818181818182 0.6939890710382514 0.12 0.24043715846994534
1 0.86 0.6967213114754098 0.10545454545454545 0.3551912568306011
1 0.37636363636363634 0.7158469945355191 0.15636363636363637 0.273224043715847
1 0.5163636363636364 0.7240437158469946 0.13090909090909092 0.2786885245901639
1 0.6454545454545455 0.73224043715847 0.14909090909090908 0.273224043715847
1 0.023636363636363636 0.3551912568306011 0.04727272727272727 0.31693989071038253
0 0.08727272727272728 0.37158469945355194 0.13090909090909092 0.32786885245901637
1 0.9145454545454546 0.37158469945355194 0.13454545454545455 0.36065573770491804
1 0.22181818181818183 0.37158469945355194 0.17454545454545456 0.37158469945355194
1 0.4036363636363636 0.412568306010929 0.22545454545454546 0.3879781420765027
1 0.7836363636363637 0.41530054644808745 0.16363636363636364 0.36065573770491804
1 0.610909090909091 0.4262295081967213 0.24 0.41530054644808745