1 0.7224137931034482 0.5747126436781609 0.05862068965517241 0.13793103448275862
0 0.33793103448275863 0.5890804597701149 0.08275862068965517 0.1781609195402299
1 0.6793103448275862 0.5948275862068966 0.06896551724137931 0.14367816091954022
1 0.6241379310344828 0.6005747126436781 0.08275862068965517 0.20114942528735633
1 0.5568965517241379 0.6120689655172413 0.08275862068965517 0.20114942528735633
0 0.4086206896551724 0.6149425287356322 0.08620689655172414 0.1839080459770115
0 0.47413793103448276 0.6149425287356322 0.07241379310344828 0.19540229885057472
0 0.1793103448275862 0.3850574712643678 0.041379310344827586 0.12643678160919541
0 0.20862068965517241 0.41379310344827586 0.04482758620689655 0.1724137931034483
1 0.5655172413793104 0.4224137931034483 0.1103448275862069 0.23563218390804597
1 0.653448275862069 0.42528735632183906 0.10689655172413794 0.21839080459770116
1 0.7637931034482759 0.42528735632183906 0.05862068965517241 0.1839080459770115
0 0.45689655172413796 0.4281609195402299 0.11379310344827587 0.25862068965517243
0 0.2913793103448276 0.43103448275862066 0.09310344827586207 0.21839080459770116
0 0.2396551724137931 0.4367816091954023 0.05862068965517241 0.20689655172413793
0 0.36379310344827587 0.4396551724137931 0.1 0.22413793103448276
1 0.7258620689655172 0.4396551724137931 0.07931034482758621 0.21264367816091953
0 0.19137931034482758 0.5 0.07931034482758621 0.09195402298850575
1 0.7913793103448276 0.5229885057471264 0.04482758620689655 0.08045977011494253
0 0.23793103448275862 0.5545977011494253 0.06206896551724138 0.10919540229885058
1 0.756896551724138 0.5632183908045977 0.03793103448275862 0.09195402298850575
0 0.2810344827586207 0.5660919540229885 0.07241379310344828 0.13218390804597702