1 0.548828125 0.15 0.04140625 0.08958333333333333
1 0.50703125 0.15520833333333334 0.0375 0.06666666666666667
1 0.46953125 0.17447916666666666 0.0390625 0.06354166666666666
1 0.591796875 0.17864583333333334 0.06953125 0.07395833333333333
1 0.39921875 0.23177083333333334 0.046875 0.05520833333333333
1 0.64140625 0.2598958333333333 0.0625 0.06979166666666667
1 0.370703125 0.3015625 0.06015625 0.08020833333333334
1 0.653515625 0.3338541666666667 0.06328125 0.07604166666666666
0 0.34375 0.3848958333333333 0.0703125 0.13645833333333332
0 0.666796875 0.42239583333333336 0.07890625 0.115625
0 0.3125 0.48802083333333335 0.084375 0.121875
0 0.67890625 0.5348958333333333 0.0734375 0.090625
0 0.294921875 0.5864583333333333 0.07265625 0.08958333333333333
0 0.693359375 0.6947916666666667 0.10390625 0.0625
0 0.6984375 0.7421875 0.096875 0.04895833333333333
1 0.68671875 0.7869791666666667 0.0734375 0.03229166666666667
1 0.641015625 0.8328125 0.06015625 0.040625
1 0.550390625 0.8479166666666667 0.04921875 0.04791666666666667