0 0.34101382488479265 0.47413793103448276 0.11059907834101383 0.10344827586206896
0 0.5092165898617511 0.47844827586206895 0.1152073732718894 0.10344827586206896
0 0.868663594470046 0.49353448275862066 0.17972350230414746 0.10775862068965517
0 0.728110599078341 0.5043103448275862 0.11059907834101383 0.1206896551724138
0 0.6336405529953917 0.5129310344827587 0.08755760368663594 0.10344827586206896
0 0.8594470046082949 0.5883620689655172 0.17050691244239632 0.11637931034482758
0 0.35253456221198154 0.30603448275862066 0.1152073732718894 0.1206896551724138
0 0.1728110599078341 0.3275862068965517 0.0967741935483871 0.14655172413793102
0 0.47465437788018433 0.33189655172413796 0.12903225806451613 0.10344827586206896
0 0.8410138248847926 0.36853448275862066 0.1152073732718894 0.16810344827586207
0 0.04377880184331797 0.38362068965517243 0.08755760368663594 0.12931034482758622
0 0.6221198156682027 0.3900862068965517 0.1935483870967742 0.125
0 0.7050691244239631 0.40086206896551724 0.15668202764976957 0.13793103448275862
0 0.1313364055299539 0.4073275862068966 0.16129032258064516 0.16810344827586207
0 0.22811059907834103 0.4073275862068966 0.1152073732718894 0.17672413793103448