0 0.7058823529411765 0.35454545454545455 0.1111111111111111 0.21212121212121213
0 0.5718954248366013 0.35454545454545455 0.1503267973856209 0.17575757575757575
0 0.946078431372549 0.3606060606060606 0.09477124183006536 0.23636363636363636
0 0.8480392156862745 0.36363636363636365 0.12745098039215685 0.23030303030303031
0 0.37745098039215685 0.36363636363636365 0.16013071895424835 0.18181818181818182
0 0.23529411764705882 0.3939393939393939 0.1111111111111111 0.20606060606060606
0 0.10620915032679738 0.43636363636363634 0.13398692810457516 0.21818181818181817
0 0.9003267973856209 0.5181818181818182 0.11437908496732026 0.22424242424242424
1 0.5147058823529411 0.5242424242424243 0.11437908496732026 0.24848484848484848
1 0.39869281045751637 0.5303030303030303 0.1111111111111111 0.2606060606060606
1 0.7696078431372549 0.5393939393939394 0.14052287581699346 0.19393939393939394
1 0.6372549019607843 0.5393939393939394 0.11764705882352941 0.24242424242424243
0 0.2679738562091503 0.5515151515151515 0.11764705882352941 0.30303030303030304
1 0.14215686274509803 0.5666666666666667 0.13398692810457516 0.21212121212121213
0 0.032679738562091505 0.5757575757575758 0.06535947712418301 0.2787878787878788