0 0.0637065637065637 0.6030927835051546 0.1274131274131274 0.17525773195876287
0 0.88996138996139 0.6494845360824743 0.11969111969111969 0.17525773195876287
0 0.21235521235521235 0.6597938144329897 0.20077220077220076 0.2268041237113402
0 0.3474903474903475 0.6752577319587629 0.15444015444015444 0.2268041237113402
0 0.7837837837837838 0.6932989690721649 0.14671814671814673 0.23195876288659795
0 0.4806949806949807 0.7010309278350515 0.18146718146718147 0.24742268041237114
0 0.640926640926641 0.7345360824742269 0.16988416988416988 0.31443298969072164
0 0.9266409266409267 0.21391752577319587 0.14671814671814673 0.3556701030927835
0 0.7799227799227799 0.24484536082474226 0.22393822393822393 0.33505154639175255
0 0.6061776061776062 0.2654639175257732 0.19305019305019305 0.29381443298969073
0 0.4305019305019305 0.30412371134020616 0.20463320463320464 0.29896907216494845
0 0.3030888030888031 0.33505154639175255 0.17374517374517376 0.23711340206185566
0 0.1776061776061776 0.33505154639175255 0.13127413127413126 0.21649484536082475
0 0.10424710424710425 0.36082474226804123 0.10038610038610038 0.1958762886597938