0 0.9315642458100558 0.7008547008547008 0.09776536312849161 0.2222222222222222
1 0.040502793296089384 0.7094017094017094 0.08100558659217877 0.23076923076923078
1 0.6689944134078212 0.7136752136752137 0.12011173184357542 0.23076923076923078
1 0.8770949720670391 0.7222222222222222 0.12849162011173185 0.2564102564102564
1 0.09217877094972067 0.7200854700854701 0.1340782122905028 0.2863247863247863
1 0.3254189944134078 0.7371794871794872 0.12011173184357542 0.23504273504273504
1 0.7891061452513967 0.7542735042735043 0.13687150837988826 0.32051282051282054
1 0.5684357541899442 0.7628205128205128 0.13128491620111732 0.2606837606837607
1 0.44553072625698326 0.7777777777777778 0.12011173184357542 0.28205128205128205
1 0.2011173184357542 0.782051282051282 0.1340782122905028 0.38461538461538464
1 0.7793296089385475 0.27350427350427353 0.1452513966480447 0.2905982905982906
1 0.4106145251396648 0.28846153846153844 0.2122905027932961 0.2948717948717949
1 0.6145251396648045 0.2905982905982906 0.19553072625698323 0.28205128205128205
1 0.22905027932960895 0.2948717948717949 0.1564245810055866 0.27350427350427353
1 0.909217877094972 0.2948717948717949 0.12569832402234637 0.3418803418803419
1 0.09217877094972067 0.29914529914529914 0.12849162011173185 0.3333333333333333
1 0.03212290502793296 0.3525641025641026 0.06424581005586592 0.2777777777777778