0 0.41580756013745707 0.5953757225433526 0.10996563573883161 0.08092485549132948
0 0.8625429553264605 0.4190751445086705 0.13058419243986255 0.23699421965317918
0 0.23711340206185566 0.42196531791907516 0.13058419243986255 0.18497109826589594
0 0.738831615120275 0.43352601156069365 0.11683848797250859 0.19653179190751446
1 0.11683848797250859 0.4393063583815029 0.15120274914089346 0.20809248554913296
0 0.37285223367697595 0.4624277456647399 0.12714776632302405 0.20809248554913296
0 0.5515463917525774 0.4653179190751445 0.15463917525773196 0.2254335260115607
0 0.3127147766323024 0.5289017341040463 0.08934707903780069 0.2023121387283237
0 0.6580756013745704 0.5317919075144508 0.0859106529209622 0.17341040462427745
0 0.20446735395189003 0.5433526011560693 0.09278350515463918 0.17341040462427745
0 0.5309278350515464 0.5606936416184971 0.12714776632302405 0.15028901734104047