0 0.24444444444444444 0.2733333333333333 0.08 0.07555555555555556
0 0.3333333333333333 0.2733333333333333 0.08888888888888889 0.08444444444444445
0 0.7888888888888889 0.2777777777777778 0.04888888888888889 0.057777777777777775
0 0.66 0.2777777777777778 0.06666666666666667 0.06666666666666667
0 0.7355555555555555 0.2911111111111111 0.08444444444444445 0.08444444444444445
0 0.5444444444444444 0.2911111111111111 0.1111111111111111 0.07555555555555556
0 0.45111111111111113 0.31333333333333335 0.07555555555555556 0.12
0 0.22666666666666666 0.32222222222222224 0.07111111111111111 0.06666666666666667
0 0.3711111111111111 0.32666666666666666 0.07555555555555556 0.10222222222222223
0 0.7422222222222222 0.32666666666666666 0.07111111111111111 0.04888888888888889
0 0.6022222222222222 0.3288888888888889 0.08444444444444445 0.08888888888888889
0 0.29333333333333333 0.3333333333333333 0.08 0.08888888888888889
0 0.6755555555555556 0.33555555555555555 0.08 0.06666666666666667
0 0.5288888888888889 0.34 0.07111111111111111 0.057777777777777775