0 0.6189655172413793 0.45689655172413796 0.02413793103448276 0.05172413793103448
0 0.596551724137931 0.46264367816091956 0.020689655172413793 0.05172413793103448
0 0.5448275862068965 0.46551724137931033 0.020689655172413793 0.04597701149425287
0 0.6379310344827587 0.46551724137931033 0.013793103448275862 0.034482758620689655
0 0.6017241379310345 0.4942528735632184 0.02413793103448276 0.034482758620689655
0 0.5706896551724138 0.5028735632183908 0.03793103448275862 0.06321839080459771
0 0.4896551724137931 0.5028735632183908 0.034482758620689655 0.09770114942528736
0 0.5275862068965518 0.5086206896551724 0.034482758620689655 0.05172413793103448
0 0.4517241379310345 0.514367816091954 0.027586206896551724 0.08620689655172414
0 0.32413793103448274 0.514367816091954 0.020689655172413793 0.05172413793103448
0 0.4189655172413793 0.5172413793103449 0.02413793103448276 0.06896551724137931
0 0.38620689655172413 0.5172413793103449 0.027586206896551724 0.06896551724137931
0 0.35517241379310344 0.5229885057471264 0.027586206896551724 0.06896551724137931