0 0.62 0.625 0.11333333333333333 0.34523809523809523
0 0.8766666666666667 0.6607142857142857 0.12666666666666668 0.21428571428571427
0 0.04666666666666667 0.7023809523809523 0.09333333333333334 0.30952380952380953
0 0.4666666666666667 0.7142857142857143 0.13333333333333333 0.2261904761904762
0 0.165 0.7261904761904762 0.15666666666666668 0.2857142857142857
0 0.75 0.7291666666666666 0.12666666666666668 0.19642857142857142
0 0.31333333333333335 0.7440476190476191 0.15333333333333332 0.34523809523809523
0 0.9466666666666667 0.39880952380952384 0.10666666666666667 0.35714285714285715
1 0.525 0.4166666666666667 0.23 0.5119047619047619
1 0.785 0.41964285714285715 0.22333333333333333 0.47023809523809523
1 0.33 0.42857142857142855 0.16666666666666666 0.36904761904761907
1 0.14833333333333334 0.42857142857142855 0.19666666666666666 0.40476190476190477