0 0.9208333333333333 0.2302927927927928 0.145 0.134009009009009
0 0.09125 0.24493243243243243 0.1725 0.11599099099099099
0 0.13833333333333334 0.32263513513513514 0.10666666666666667 0.13175675675675674
0 0.8579166666666667 0.32432432432432434 0.09083333333333334 0.12837837837837837
0 0.18458333333333332 0.3367117117117117 0.08416666666666667 0.15315315315315314
0 0.7675 0.34177927927927926 0.09833333333333333 0.14076576576576577
0 0.66375 0.34853603603603606 0.10916666666666666 0.14301801801801803
0 0.56625 0.35754504504504503 0.09916666666666667 0.061936936936936936
0 0.37083333333333335 0.36824324324324326 0.10833333333333334 0.14414414414414414
0 0.27125 0.37105855855855857 0.09916666666666667 0.17004504504504506
0 0.47458333333333336 0.375 0.09416666666666666 0.12837837837837837
0 0.97 0.051238738738738736 0.055 0.10247747747747747
0 0.024583333333333332 0.05686936936936937 0.049166666666666664 0.11373873873873874
0 0.91875 0.06418918918918919 0.07083333333333333 0.12837837837837837
0 0.0675 0.06587837837837837 0.08166666666666667 0.13175675675675674
0 0.8420833333333333 0.06981981981981981 0.10583333333333333 0.13963963963963963
1 0.034583333333333334 0.7043918918918919 0.06916666666666667 0.19256756756756757
1 0.12875 0.7088963963963963 0.12583333333333332 0.22184684684684686
1 0.97 0.7128378378378378 0.06 0.1891891891891892
1 0.25625 0.7286036036036037 0.12583333333333332 0.20045045045045046
1 0.8929166666666667 0.7286036036036037 0.10583333333333333 0.22072072072072071
1 0.7683333333333333 0.7370495495495496 0.145 0.21058558558558557
0 0.58625 0.07488738738738739 0.13083333333333333 0.09346846846846847
0 0.7325 0.07432432432432433 0.125 0.11261261261261261
1 0.6120833333333333 0.7432432432432432 0.1825 0.22972972972972974
1 0.42375 0.7522522522522522 0.1875 0.22747747747747749
0 0.2608333333333333 0.08277027027027027 0.11 0.09346846846846847
0 0.41791666666666666 0.08502252252252253 0.15916666666666668 0.16328828828828829
1 0.035833333333333335 0.8643018018018018 0.07166666666666667 0.13626126126126126
0 0.15791666666666668 0.08783783783783784 0.11583333333333333 0.12837837837837837
1 0.9520833333333333 0.8688063063063063 0.06416666666666666 0.14752252252252251
1 0.11291666666666667 0.8800675675675675 0.09416666666666666 0.1204954954954955
1 0.89875 0.884009009009009 0.0575 0.11036036036036036
1 0.22625 0.8873873873873874 0.1325 0.19594594594594594
1 0.34791666666666665 0.8941441441441441 0.1225 0.15765765765765766
1 0.80125 0.8963963963963963 0.11916666666666667 0.17117117117117117
1 0.6870833333333334 0.9025900900900901 0.12583333333333332 0.14527027027027026
1 0.46625 0.9082207207207207 0.10583333333333333 0.12950450450450451
1 0.5745833333333333 0.9132882882882883 0.09416666666666666 0.12162162162162163