0 0.150390625 0.5710659898477157 0.16015625 0.15736040609137056
0 0.83203125 0.7055837563451777 0.171875 0.17258883248730963
0 0.896484375 0.8705583756345178 0.10546875 0.12690355329949238
0 0.80078125 0.9086294416243654 0.109375 0.15228426395939088
0 0.236328125 0.9111675126903553 0.11328125 0.17766497461928935
0 0.6796875 0.9137055837563451 0.1328125 0.17258883248730963
0 0.15234375 0.9238578680203046 0.078125 0.14213197969543148
1 0.458984375 0.9314720812182741 0.12890625 0.13705583756345177
1 0.341796875 0.9314720812182741 0.11328125 0.13705583756345177
0 0.5546875 0.1802030456852792 0.1796875 0.17766497461928935
0 0.376953125 0.18781725888324874 0.15234375 0.20304568527918782
0 0.263671875 0.24619289340101522 0.12890625 0.16751269035532995
0 0.68359375 0.2436548223350254 0.125 0.15228426395939088
0 0.771484375 0.33248730964467005 0.11328125 0.13705583756345177
0 0.18359375 0.3756345177664975 0.1484375 0.2131979695431472