0 0.8929889298892989 0.7016129032258065 0.11070110701107011 0.25268817204301075
0 0.13099630996309963 0.7231182795698925 0.09225092250922509 0.3279569892473118
0 0.21955719557195572 0.7338709677419355 0.11439114391143912 0.3279569892473118
0 0.7822878228782287 0.7419354838709677 0.1033210332103321 0.3010752688172043
0 0.35424354243542433 0.7526881720430108 0.15498154981549817 0.3118279569892473
0 0.6568265682656826 0.7580645161290323 0.14760147601476015 0.34408602150537637
0 0.5092250922509225 0.7634408602150538 0.16236162361623616 0.3333333333333333
0 0.23431734317343172 0.27956989247311825 0.1070110701107011 0.15053763440860216
0 0.8173431734317343 0.34946236559139787 0.09225092250922509 0.24731182795698925
0 0.4188191881918819 0.34946236559139787 0.21033210332103322 0.3548387096774194
0 0.6457564575645757 0.3548387096774194 0.25092250922509224 0.3387096774193548
0 0.13653136531365315 0.3602150537634409 0.11070110701107011 0.1935483870967742