0 0.3628158844765343 0.554945054945055 0.05415162454873646 0.06593406593406594
0 0.555956678700361 0.554945054945055 0.07220216606498195 0.08791208791208792
0 0.48194945848375453 0.5576923076923077 0.061371841155234655 0.07142857142857142
0 0.4223826714801444 0.5576923076923077 0.05776173285198556 0.06043956043956044
0 0.7382671480144405 0.45054945054945056 0.06859205776173286 0.08791208791208792
0 0.6516245487364621 0.4725274725274725 0.061371841155234655 0.06593406593406594
0 0.5595667870036101 0.4725274725274725 0.07942238267148015 0.08791208791208792
0 0.45306859205776173 0.5054945054945055 0.06859205776173286 0.054945054945054944
0 0.6931407942238267 0.5164835164835165 0.07220216606498195 0.07692307692307693
0 0.30324909747292417 0.5357142857142857 0.06498194945848375 0.08241758241758242
0 0.6227436823104693 0.5412087912087912 0.06859205776173286 0.07142857142857142