1 0.29818181818181816 0.6912568306010929 0.08 0.1366120218579235
1 0.3781818181818182 0.726775956284153 0.08 0.14207650273224043
0 0.46 0.7295081967213115 0.09090909090909091 0.1366120218579235
0 0.5472727272727272 0.7431693989071039 0.08363636363636363 0.14207650273224043
1 0.7072727272727273 0.7540983606557377 0.05454545454545454 0.09836065573770492
1 0.6309090909090909 0.7568306010928961 0.09090909090909091 0.11475409836065574
0 0.4254545454545455 0.412568306010929 0.12363636363636364 0.23497267759562843
0 0.5527272727272727 0.4262295081967213 0.12363636363636364 0.24043715846994534
0 0.3054545454545455 0.4371584699453552 0.08727272727272728 0.18579234972677597
0 0.20545454545454545 0.4371584699453552 0.09818181818181818 0.25136612021857924
0 0.6727272727272727 0.4781420765027322 0.09454545454545454 0.20218579234972678
0 0.7672727272727272 0.5 0.08727272727272728 0.22404371584699453
0 0.8454545454545455 0.546448087431694 0.06181818181818182 0.20765027322404372