0 0.9736842105263158 0.5740740740740741 0.05263157894736842 0.08994708994708994
0 0.9116541353383458 0.5952380952380952 0.10150375939849623 0.12169312169312169
0 0.09022556390977443 0.5978835978835979 0.08270676691729323 0.1164021164021164
0 0.8214285714285714 0.6111111111111112 0.08646616541353383 0.15343915343915343
0 0.13909774436090225 0.6216931216931217 0.08270676691729323 0.1111111111111111
0 0.19924812030075187 0.6640211640211641 0.09774436090225563 0.20634920634920634
0 0.7236842105263158 0.6693121693121693 0.11654135338345864 0.18518518518518517
1 0.6221804511278195 0.6825396825396826 0.10150375939849623 0.1693121693121693
1 0.3007518796992481 0.6904761904761905 0.09774436090225563 0.18518518518518517
1 0.40225563909774437 0.6904761904761905 0.09774436090225563 0.15343915343915343
1 0.5131578947368421 0.7037037037037037 0.10902255639097744 0.14814814814814814
0 0.16165413533834586 0.4444444444444444 0.09022556390977443 0.2751322751322751
0 0.7913533834586466 0.4470899470899471 0.11654135338345864 0.2698412698412698
0 0.039473684210526314 0.4497354497354497 0.04887218045112782 0.12698412698412698
0 0.9586466165413534 0.4708994708994709 0.06766917293233082 0.13756613756613756
1 0.5338345864661654 0.47354497354497355 0.15789473684210525 0.291005291005291
1 0.37218045112781956 0.47354497354497355 0.15789473684210525 0.291005291005291
0 0.6785714285714286 0.47619047619047616 0.13157894736842105 0.24338624338624337
0 0.09210526315789473 0.47354497354497355 0.06390977443609022 0.13227513227513227
0 0.8853383458646616 0.48148148148148145 0.09398496240601503 0.15873015873015872
0 0.25375939849624063 0.48412698412698413 0.10150375939849623 0.21693121693121692