1 0.061895551257253385 0.2982062780269058 0.12379110251450677 0.21524663677130046
0 0.9226305609284333 0.32847533632286996 0.15473887814313347 0.2040358744394619
1 0.06673114119922631 0.48318385650224216 0.13346228239845262 0.14573991031390135
0 0.8423597678916828 0.5134529147982063 0.18375241779497098 0.21524663677130046
1 0.086073500967118 0.6311659192825112 0.13733075435203096 0.16367713004484305
0 0.7707930367504836 0.6636771300448431 0.13346228239845262 0.16591928251121077
1 0.12282398452611218 0.7791479820627802 0.1218568665377176 0.1412556053811659
0 0.6895551257253385 0.7836322869955157 0.12959381044487428 0.18161434977578475
1 0.20019342359767892 0.8856502242152466 0.09864603481624758 0.11659192825112108
1 0.5812379110251451 0.8912556053811659 0.12572533849129594 0.1367713004484305
0 0.29206963249516443 0.9405829596412556 0.09671179883945841 0.11434977578475336
1 0.48936170212765956 0.9540358744394619 0.10058027079303675 0.09192825112107623
1 0.3858800773694391 0.9562780269058296 0.09477756286266925 0.08744394618834081
0 0.06769825918762089 0.09641255605381166 0.13539651837524178 0.19282511210762332