0 0.09670781893004116 0.5384615384615384 0.11934156378600823 0.15384615384615385
0 0.20987654320987653 0.5504807692307693 0.15637860082304528 0.20673076923076922
0 0.345679012345679 0.5673076923076923 0.11522633744855967 0.22115384615384615
0 0.4732510288065844 0.5865384615384616 0.12345679012345678 0.20192307692307693
0 0.6008230452674898 0.5961538461538461 0.11522633744855967 0.19230769230769232
0 0.7304526748971193 0.6009615384615384 0.11934156378600823 0.21153846153846154
0 0.9238683127572016 0.6057692307692307 0.09465020576131687 0.18269230769230768
0 0.8415637860082305 0.6057692307692307 0.09465020576131687 0.20192307692307693
0 0.5164609053497943 0.35336538461538464 0.22633744855967078 0.28365384615384615
0 0.3045267489711934 0.3701923076923077 0.13991769547325103 0.19230769230769232
0 0.7407407407407407 0.37259615384615385 0.23868312757201646 0.27403846153846156
0 0.9094650205761317 0.38461538461538464 0.10699588477366255 0.28846153846153844