0 0.8830128205128205 0.6419753086419753 0.09294871794871795 0.13580246913580246
0 0.15705128205128205 0.6666666666666666 0.1282051282051282 0.1728395061728395
0 0.8012820512820513 0.7438271604938271 0.10256410256410256 0.22839506172839505
0 0.20352564102564102 0.7901234567901234 0.11858974358974358 0.24691358024691357
1 0.6923076923076923 0.8148148148148148 0.11538461538461539 0.25925925925925924
0 0.3269230769230769 0.8209876543209876 0.10897435897435898 0.2345679012345679
1 0.5705128205128205 0.8425925925925926 0.1346153846153846 0.24074074074074073
1 0.4439102564102564 0.8518518518518519 0.11858974358974358 0.2345679012345679
0 0.875 0.4444444444444444 0.1346153846153846 0.25925925925925924
0 0.7532051282051282 0.4444444444444444 0.1282051282051282 0.2345679012345679
0 0.6057692307692307 0.4537037037037037 0.17307692307692307 0.29012345679012347
0 0.38461538461538464 0.46296296296296297 0.21153846153846154 0.2962962962962963
1 0.11858974358974358 0.4691358024691358 0.1282051282051282 0.25925925925925924
0 0.035256410256410256 0.4722222222222222 0.0641025641025641 0.12962962962962962
0 0.23717948717948717 0.4845679012345679 0.12179487179487179 0.19135802469135801