1 0.06818181818181818 0.4831730769230769 0.13636363636363635 0.13942307692307693
0 0.8409090909090909 0.5192307692307693 0.17768595041322313 0.22115384615384615
1 0.09297520661157024 0.6346153846153846 0.13636363636363635 0.14423076923076922
0 0.7727272727272727 0.6658653846153846 0.1322314049586777 0.14903846153846154
0 0.6859504132231405 0.7884615384615384 0.14049586776859505 0.18269230769230768
1 0.11570247933884298 0.7860576923076923 0.1322314049586777 0.13942307692307693
0 0.06611570247933884 0.09375 0.1322314049586777 0.1778846153846154
1 0.19834710743801653 0.8846153846153846 0.09090909090909091 0.125
1 0.5805785123966942 0.9038461538461539 0.128099173553719 0.1346153846153846
1 0.29545454545454547 0.9326923076923077 0.10330578512396695 0.10576923076923077
1 0.4731404958677686 0.9495192307692307 0.10330578512396695 0.10096153846153846
1 0.38636363636363635 0.9519230769230769 0.10330578512396695 0.09615384615384616
1 0.05785123966942149 0.2956730769230769 0.11570247933884298 0.1971153846153846
0 0.9173553719008265 0.3317307692307692 0.1652892561983471 0.20192307692307693