1 0.6091549295774648 0.5677966101694916 0.04225352112676056 0.10734463276836158
1 0.36795774647887325 0.5706214689265536 0.045774647887323945 0.1016949152542373
1 0.4154929577464789 0.5819209039548022 0.04929577464788732 0.1016949152542373
0 0.47183098591549294 0.5790960451977402 0.056338028169014086 0.05084745762711865
0 0.5475352112676056 0.5875706214689266 0.08098591549295775 0.06779661016949153
0 0.5933098591549296 0.4406779661016949 0.045774647887323945 0.06779661016949153
0 0.5264084507042254 0.4435028248587571 0.045774647887323945 0.03954802259887006
0 0.43133802816901406 0.4576271186440678 0.045774647887323945 0.04519774011299435
0 0.4788732394366197 0.4604519774011299 0.035211267605633804 0.062146892655367235
0 0.6426056338028169 0.4661016949152542 0.03169014084507042 0.05084745762711865
0 0.3855633802816901 0.4661016949152542 0.03169014084507042 0.062146892655367235
0 0.6549295774647887 0.5508474576271186 0.035211267605633804 0.096045197740113