0 0.952054794520548 0.5751445086705202 0.0821917808219178 0.1791907514450867
0 0.046232876712328765 0.6040462427745664 0.06506849315068493 0.1329479768786127
0 0.09931506849315068 0.6242774566473989 0.0821917808219178 0.13872832369942195
0 0.1506849315068493 0.630057803468208 0.0821917808219178 0.16184971098265896
0 0.8972602739726028 0.638728323699422 0.08904109589041095 0.1676300578034682
0 0.8321917808219178 0.6416184971098265 0.08904109589041095 0.19653179190751446
0 0.1917808219178082 0.6560693641618497 0.10273972602739725 0.23699421965317918
0 0.7842465753424658 0.6560693641618497 0.0958904109589041 0.24855491329479767
1 0.5171232876712328 0.6734104046242775 0.0821917808219178 0.26011560693641617
1 0.3441780821917808 0.6791907514450867 0.09246575342465753 0.23699421965317918
1 0.7123287671232876 0.684971098265896 0.08904109589041095 0.3179190751445087
1 0.4349315068493151 0.6878612716763006 0.07534246575342465 0.23121387283236994
0 0.2482876712328767 0.6907514450867052 0.09931506849315068 0.3063583815028902
0 0.6181506849315068 0.6965317919075145 0.10616438356164383 0.2947976878612717
0 0.6797945205479452 0.30057803468208094 0.09931506849315068 0.28901734104046245
0 0.7791095890410958 0.31213872832369943 0.09246575342465753 0.31213872832369943
0 0.4126712328767123 0.31213872832369943 0.14726027397260275 0.28901734104046245
0 0.2910958904109589 0.31213872832369943 0.0958904109589041 0.2658959537572254
0 0.988013698630137 0.3208092485549133 0.023972602739726026 0.1791907514450867
0 0.559931506849315 0.3265895953757225 0.1541095890410959 0.2947976878612717
0 0.20034246575342465 0.3265895953757225 0.08561643835616438 0.27167630057803466
0 0.8424657534246576 0.3439306358381503 0.07534246575342465 0.24855491329479767
0 0.8972602739726028 0.35260115606936415 0.0684931506849315 0.23121387283236994
0 0.946917808219178 0.34971098265895956 0.05821917808219178 0.1791907514450867
0 0.1404109589041096 0.3699421965317919 0.0684931506849315 0.23121387283236994
0 0.09417808219178082 0.3786127167630058 0.05821917808219178 0.2023121387283237
0 0.04794520547945205 0.3786127167630058 0.06164383561643835 0.1791907514450867
1 0.046232876712328765 0.5028901734104047 0.07876712328767123 0.09248554913294797