1 0.4514066496163683 0.8023255813953488 0.08439897698209718 0.24031007751937986
1 0.3836317135549872 0.8875968992248062 0.10230179028132992 0.2248062015503876
0 0.04731457800511509 0.8953488372093024 0.09462915601023018 0.20930232558139536
0 0.5345268542199488 0.9031007751937985 0.056265984654731455 0.1937984496124031
1 0.30179028132992325 0.9263565891472868 0.08695652173913043 0.14728682170542637
1 0.9360613810741688 0.9341085271317829 0.07161125319693094 0.13178294573643412
1 0.8618925831202046 0.9496124031007752 0.08184143222506395 0.10077519379844961
1 0.21611253196930946 0.9534883720930233 0.0792838874680307 0.09302325581395349
1 0.0907928388746803 0.9573643410852714 0.05370843989769821 0.08527131782945736
1 0.7774936061381074 0.9651162790697675 0.08184143222506395 0.06976744186046512
1 0.6930946291560103 0.9728682170542635 0.09718670076726342 0.05426356589147287
1 0.5524296675191815 0.9806201550387597 0.04603580562659847 0.03875968992248062
1 0.14066496163682865 0.9806201550387597 0.06649616368286446 0.03875968992248062
1 0.6074168797953964 0.9844961240310077 0.0639386189258312 0.031007751937984496
0 0.26854219948849106 0.31007751937984496 0.08695652173913043 0.35658914728682173
0 0.34782608695652173 0.32558139534883723 0.09207161125319693 0.34108527131782945
0 0.19948849104859334 0.3875968992248062 0.09207161125319693 0.34108527131782945
1 0.7608695652173914 0.39147286821705424 0.08951406649616368 0.3643410852713178
0 0.4360613810741688 0.3992248062015504 0.08951406649616368 0.3333333333333333
1 0.8465473145780051 0.4263565891472868 0.09207161125319693 0.35658914728682173
1 0.6879795396419437 0.4496124031007752 0.08184143222506395 0.34108527131782945
0 0.13810741687979539 0.4689922480620155 0.09207161125319693 0.3643410852713178
1 0.6202046035805626 0.5193798449612403 0.09462915601023018 0.3875968992248062
0 0.9181585677749361 0.562015503875969 0.10230179028132992 0.3643410852713178
0 0.4782608695652174 0.5736434108527132 0.030690537084398978 0.27906976744186046
0 0.10613810741687979 0.686046511627907 0.10485933503836317 0.3023255813953488
0 0.5664961636828645 0.7364341085271318 0.10485933503836317 0.32558139534883723
0 0.969309462915601 0.748062015503876 0.061381074168797956 0.2868217054263566