1 0.69 0.7083333333333334 0.09333333333333334 0.20238095238095238
1 0.49333333333333335 0.7083333333333334 0.1 0.21428571428571427
1 0.2816666666666667 0.7083333333333334 0.09666666666666666 0.23809523809523808
1 0.5983333333333334 0.7113095238095238 0.09666666666666666 0.19642857142857142
1 0.395 0.7172619047619048 0.10333333333333333 0.23214285714285715
1 0.18333333333333332 0.7202380952380952 0.10666666666666667 0.16666666666666666
1 0.7883333333333333 0.7351190476190477 0.09 0.23214285714285715
0 0.8733333333333333 0.7380952380952381 0.09333333333333334 0.14285714285714285
0 0.5216666666666666 0.46130952380952384 0.11666666666666667 0.19642857142857142
0 0.38 0.46726190476190477 0.13333333333333333 0.20833333333333334
0 0.655 0.49404761904761907 0.08333333333333333 0.17857142857142858
0 0.255 0.5119047619047619 0.11 0.17857142857142858
1 0.77 0.5625 0.09333333333333334 0.18452380952380953
1 0.145 0.5773809523809523 0.10333333333333333 0.2261904761904762
0 0.8516666666666667 0.5803571428571429 0.07 0.1488095238095238