0 0.95 0.6575 0.1 0.285
1 0.8716666666666667 0.7 0.11666666666666667 0.27
1 0.05 0.7 0.1 0.25
1 0.08833333333333333 0.7325 0.09 0.225
1 0.135 0.735 0.10333333333333333 0.22
1 0.735 0.7375 0.13 0.335
0 0.6066666666666667 0.74 0.10666666666666667 0.32
0 0.805 0.7375 0.13 0.305
1 0.4066666666666667 0.7425 0.1 0.295
1 0.505 0.7475 0.10333333333333333 0.295
1 0.20666666666666667 0.76 0.10666666666666667 0.33
1 0.30333333333333334 0.7725 0.10666666666666667 0.295
0 0.5666666666666667 0.31 0.16 0.4
0 0.3983333333333333 0.335 0.17 0.36
0 0.7016666666666667 0.3425 0.11 0.275
0 0.9683333333333334 0.35 0.06333333333333334 0.27
0 0.8183333333333334 0.3675 0.13 0.315
0 0.905 0.3725 0.09 0.295
0 0.24833333333333332 0.3825 0.11 0.255
0 0.145 0.395 0.13 0.31
0 0.08166666666666667 0.415 0.08333333333333333 0.27
0 0.035 0.4225 0.06333333333333334 0.245