0 0.6710526315789473 0.04751131221719457 0.2631578947368421 0.09502262443438914
1 0.7390350877192983 0.45475113122171945 0.25 0.2579185520361991
0 0.21710526315789475 0.5429864253393665 0.2675438596491228 0.28054298642533937
1 0.8135964912280702 0.6764705882352942 0.27631578947368424 0.27601809954751133
0 0.28728070175438597 0.7171945701357466 0.2149122807017544 0.19457013574660634
1 0.8706140350877193 0.8506787330316742 0.2149122807017544 0.19004524886877827
0 0.125 0.08597285067873303 0.25 0.17194570135746606
0 0.35526315789473684 0.8914027149321267 0.20175438596491227 0.19004524886877827
1 0.9232456140350878 0.9434389140271493 0.15350877192982457 0.11312217194570136
1 0.6973684210526315 0.20588235294117646 0.24561403508771928 0.248868778280543
0 0.15350877192982457 0.29638009049773756 0.24561403508771928 0.2669683257918552