0 0.4109090909090909 0.5491803278688525 0.08727272727272728 0.18032786885245902
0 0.32727272727272727 0.5710382513661202 0.08727272727272728 0.21311475409836064
0 0.24909090909090909 0.6229508196721312 0.09818181818181818 0.29508196721311475
0 0.18 0.6338797814207651 0.06181818181818182 0.30601092896174864
0 0.8745454545454545 0.2650273224043716 0.06181818181818182 0.09289617486338798
0 0.6327272727272727 0.33879781420765026 0.09454545454545454 0.17486338797814208
0 0.8090909090909091 0.34972677595628415 0.06909090909090909 0.20765027322404372
0 0.5181818181818182 0.3524590163934426 0.12 0.1912568306010929
1 0.3618181818181818 0.36065573770491804 0.14909090909090908 0.24043715846994534
0 0.7327272727272728 0.36885245901639346 0.08363636363636363 0.2459016393442623
0 0.2290909090909091 0.3743169398907104 0.11636363636363636 0.23497267759562843
0 0.13272727272727272 0.4016393442622951 0.09818181818181818 0.22404371584699453
0 0.6672727272727272 0.505464480874317 0.09818181818181818 0.20218579234972678
0 0.5745454545454546 0.5136612021857924 0.08727272727272728 0.18579234972677597
0 0.4890909090909091 0.5382513661202186 0.07636363636363637 0.18032786885245902