0 0.09343434343434344 0.38333333333333336 0.09090909090909091 0.10740740740740741
0 0.41035353535353536 0.3851851851851852 0.255050505050505 0.43703703703703706
0 0.6691919191919192 0.4 0.25252525252525254 0.362962962962963
0 0.8825757575757576 0.4111111111111111 0.17424242424242425 0.3037037037037037
0 0.030303030303030304 0.44074074074074077 0.06060606060606061 0.18518518518518517
0 0.2196969696969697 0.4648148148148148 0.15656565656565657 0.2777777777777778
0 0.9141414141414141 0.6962962962962963 0.1717171717171717 0.3333333333333333
0 0.7449494949494949 0.7425925925925926 0.17676767676767677 0.35185185185185186
0 0.5707070707070707 0.75 0.16666666666666666 0.34444444444444444
0 0.13131313131313133 0.7518518518518519 0.1111111111111111 0.3037037037037037
0 0.398989898989899 0.774074074074074 0.16666666666666666 0.34814814814814815
0 0.25126262626262624 0.7944444444444444 0.1590909090909091 0.37407407407407406