1 0.19777777777777777 0.7822222222222223 0.14222222222222222 0.17777777777777778
1 0.38 0.7888888888888889 0.22666666666666666 0.19111111111111112
1 0.8066666666666666 0.7888888888888889 0.15555555555555556 0.17333333333333334
1 0.6244444444444445 0.7911111111111111 0.23555555555555555 0.19555555555555557
1 0.07333333333333333 0.8222222222222222 0.10222222222222223 0.21333333333333335
1 0.9333333333333333 0.8222222222222222 0.09777777777777778 0.18666666666666668
0 0.6533333333333333 0.28 0.2222222222222222 0.21333333333333335
0 0.42 0.28 0.21777777777777776 0.20444444444444446
0 0.8311111111111111 0.2866666666666667 0.14222222222222222 0.18222222222222223
0 0.2288888888888889 0.2911111111111111 0.17333333333333334 0.2
0 0.94 0.31333333333333335 0.09333333333333334 0.12
0 0.07555555555555556 0.32666666666666666 0.11555555555555555 0.22666666666666666