0 0.9748201438848921 0.6574585635359116 0.050359712230215826 0.1878453038674033
0 0.935251798561151 0.6933701657458563 0.09352517985611511 0.20441988950276244
1 0.04136690647482014 0.7071823204419889 0.08273381294964029 0.22099447513812154
1 0.6744604316546763 0.7099447513812155 0.11151079136690648 0.2265193370165746
0 0.09712230215827339 0.7099447513812155 0.12949640287769784 0.27071823204419887
1 0.8830935251798561 0.7209944751381215 0.11870503597122302 0.24861878453038674
1 0.7841726618705036 0.7375690607734806 0.12949640287769784 0.292817679558011
1 0.33093525179856115 0.7375690607734806 0.11510791366906475 0.2154696132596685
1 0.564748201438849 0.7651933701657458 0.11510791366906475 0.2596685082872928
0 0.2068345323741007 0.7707182320441989 0.14028776978417265 0.35911602209944754
1 0.447841726618705 0.7734806629834254 0.11151079136690648 0.26519337016574585
1 0.7751798561151079 0.27624309392265195 0.14028776978417265 0.32044198895027626
1 0.6205035971223022 0.27624309392265195 0.1906474820143885 0.30939226519337015
1 0.22841726618705036 0.287292817679558 0.1474820143884892 0.26519337016574585
1 0.41007194244604317 0.287292817679558 0.2014388489208633 0.287292817679558
1 0.9028776978417267 0.292817679558011 0.1079136690647482 0.36464088397790057
1 0.08812949640287769 0.2983425414364641 0.11151079136690648 0.35359116022099446
1 0.9784172661870504 0.35082872928176795 0.03597122302158273 0.27071823204419887
1 0.025179856115107913 0.36464088397790057 0.050359712230215826 0.23204419889502761