0 0.9490909090909091 0.5956284153005464 0.10181818181818182 0.15300546448087432
0 0.8709090909090909 0.6939890710382514 0.12 0.25136612021857924
0 0.04181818181818182 0.7076502732240437 0.08363636363636363 0.2459016393442623
0 0.9563636363636364 0.7103825136612022 0.08727272727272728 0.12021857923497267
0 0.0890909090909091 0.726775956284153 0.09090909090909091 0.2185792349726776
0 0.8072727272727273 0.7295081967213115 0.12363636363636364 0.2896174863387978
1 0.6127272727272727 0.7377049180327869 0.10545454545454545 0.30601092896174864
1 0.4036363636363636 0.7404371584699454 0.10181818181818182 0.2896174863387978
1 0.730909090909091 0.7404371584699454 0.12363636363636364 0.3551912568306011
1 0.509090909090909 0.7431693989071039 0.10909090909090909 0.28415300546448086
0 0.13818181818181818 0.7540983606557377 0.09454545454545454 0.25136612021857924
0 0.20363636363636364 0.7622950819672131 0.10181818181818182 0.3333333333333333
1 0.30727272727272725 0.7759562841530054 0.10545454545454545 0.30601092896174864
0 0.5618181818181818 0.3224043715846995 0.16363636363636364 0.3825136612021858
0 0.39090909090909093 0.34153005464480873 0.1709090909090909 0.366120218579235
0 0.7 0.34972677595628415 0.12 0.273224043715847
0 0.9636363636363636 0.3551912568306011 0.07272727272727272 0.273224043715847
0 0.8145454545454546 0.36065573770491804 0.11636363636363636 0.32786885245901637
0 0.8963636363636364 0.36885245901639346 0.07636363636363637 0.3114754098360656
0 0.2509090909090909 0.3825136612021858 0.11636363636363636 0.25136612021857924
0 0.14363636363636365 0.39344262295081966 0.12727272727272726 0.30601092896174864
0 0.08 0.412568306010929 0.08 0.2568306010928962
0 0.03272727272727273 0.42349726775956287 0.05818181818181818 0.2459016393442623