0 0.4048076923076923 0.43392857142857144 0.09038461538461538 0.20357142857142857
0 0.21057692307692308 0.4357142857142857 0.09807692307692308 0.21428571428571427
0 0.14326923076923076 0.4446428571428571 0.06346153846153846 0.14642857142857144
0 0.5173076923076924 0.4607142857142857 0.10384615384615385 0.19285714285714287
0 0.30480769230769234 0.4607142857142857 0.08653846153846154 0.12142857142857143
0 0.6192307692307693 0.46785714285714286 0.08461538461538462 0.17857142857142858
0 0.09038461538461538 0.475 0.057692307692307696 0.16428571428571428
0 0.7865384615384615 0.49464285714285716 0.06538461538461539 0.15357142857142858
0 0.7115384615384616 0.49642857142857144 0.08461538461538462 0.19285714285714287
0 0.8326923076923077 0.5107142857142857 0.05384615384615385 0.1357142857142857
0 0.27884615384615385 0.6964285714285714 0.06923076923076923 0.20714285714285716
0 0.13365384615384615 0.7 0.08653846153846154 0.14285714285714285
1 0.3576923076923077 0.7017857142857142 0.08076923076923077 0.21071428571428572
1 0.4480769230769231 0.7 0.06153846153846154 0.17857142857142858
0 0.20961538461538462 0.7035714285714286 0.06538461538461539 0.16428571428571428
1 0.5163461538461539 0.7160714285714286 0.075 0.19642857142857142
1 0.5903846153846154 0.7178571428571429 0.08461538461538462 0.2
0 0.6653846153846154 0.7232142857142857 0.07307692307692308 0.18928571428571428
0 0.7951923076923076 0.7339285714285714 0.08269230769230769 0.175
0 0.7269230769230769 0.7553571428571428 0.06538461538461539 0.175