0 0.61 0.49333333333333335 0.05 0.03
0 0.5625 0.5008333333333334 0.075 0.058333333333333334
0 0.49333333333333335 0.5025 0.07 0.055
0 0.44166666666666665 0.5016666666666667 0.056666666666666664 0.05333333333333334
0 0.6525 0.5083333333333333 0.065 0.06666666666666667
0 0.3908333333333333 0.52 0.06833333333333333 0.06666666666666667
1 0.6291666666666667 0.535 0.04833333333333333 0.043333333333333335
1 0.5908333333333333 0.5366666666666666 0.051666666666666666 0.05
1 0.55 0.54 0.05333333333333334 0.043333333333333335
1 0.5075 0.5408333333333334 0.041666666666666664 0.041666666666666664
0 0.6616666666666666 0.5416666666666666 0.03666666666666667 0.023333333333333334
1 0.465 0.5425 0.04666666666666667 0.04833333333333333
1 0.42 0.5475 0.056666666666666664 0.045
1 0.36583333333333334 0.5633333333333334 0.041666666666666664 0.03666666666666667