1 0.10862068965517241 0.6120689655172413 0.12758620689655173 0.2471264367816092
1 0.6948275862068966 0.6522988505747126 0.11379310344827587 0.20114942528735633
1 0.4379310344827586 0.6609195402298851 0.1103448275862069 0.19540229885057472
1 0.8241379310344827 0.6666666666666666 0.1310344827586207 0.25287356321839083
1 0.55 0.6781609195402298 0.10689655172413794 0.13793103448275862
1 0.30344827586206896 0.6867816091954023 0.1103448275862069 0.16666666666666666
1 0.19655172413793104 0.7097701149425287 0.10344827586206896 0.23563218390804597
1 0.5827586206896552 0.46264367816091956 0.20689655172413793 0.28160919540229884
0 0.7413793103448276 0.47126436781609193 0.11724137931034483 0.22988505747126436
1 0.3741379310344828 0.4942528735632184 0.1896551724137931 0.28735632183908044
0 0.8706896551724138 0.5258620689655172 0.1482758620689655 0.3045977011494253
0 0.23103448275862068 0.5603448275862069 0.10344827586206896 0.21264367816091953