1 0.45666666666666667 0.6488095238095238 0.11333333333333333 0.34523809523809523
1 0.72 0.7261904761904762 0.12 0.25
1 0.30833333333333335 0.7470238095238095 0.13666666666666666 0.18452380952380953
1 0.045 0.7470238095238095 0.09 0.30357142857142855
1 0.5916666666666667 0.7589285714285714 0.11666666666666667 0.16071428571428573
0 0.8383333333333334 0.7619047619047619 0.10333333333333333 0.36904761904761907
0 0.9466666666666667 0.7648809523809523 0.10666666666666667 0.35119047619047616
1 0.16166666666666665 0.7648809523809523 0.15 0.30357142857142855
0 0.3616666666666667 0.44345238095238093 0.23 0.48214285714285715
1 0.6216666666666667 0.4523809523809524 0.22333333333333333 0.4642857142857143
0 0.17 0.45535714285714285 0.15333333333333332 0.3630952380952381
0 0.94 0.45535714285714285 0.12 0.49404761904761907
0 0.045 0.4642857142857143 0.09 0.38095238095238093
0 0.8033333333333333 0.46726190476190477 0.14 0.3273809523809524