1 0.30333333333333334 0.29141716566866266 0.02 0.08383233532934131
1 0.32133333333333336 0.30439121756487025 0.024 0.09780439121756487
1 0.352 0.312375249500998 0.034666666666666665 0.11177644710578842
1 0.6873333333333334 0.3183632734530938 0.025333333333333333 0.07784431137724551
1 0.6666666666666666 0.3203592814371258 0.032 0.07784431137724551
1 0.6413333333333333 0.3213572854291417 0.042666666666666665 0.10379241516966067
1 0.45666666666666667 0.32934131736526945 0.076 0.14770459081836326
1 0.598 0.3313373253493014 0.04666666666666667 0.12375249500998003
1 0.39466666666666667 0.3323353293413174 0.048 0.11377245508982035
1 0.5353333333333333 0.3333333333333333 0.084 0.13972055888223553
1 0.3526666666666667 0.38622754491017963 0.030666666666666665 0.0499001996007984
1 0.674 0.3912175648702595 0.044 0.09181636726546906
1 0.642 0.3972055888223553 0.044 0.10179640718562874
1 0.39066666666666666 0.40119760479041916 0.037333333333333336 0.059880239520958084
1 0.436 0.4111776447105788 0.050666666666666665 0.059880239520958084
1 0.4786666666666667 0.4161676646706587 0.042666666666666665 0.06986027944111776
1 0.5686666666666667 0.4171656686626746 0.04666666666666667 0.06387225548902195
1 0.6073333333333333 0.41916167664670656 0.03866666666666667 0.059880239520958084
1 0.5253333333333333 0.4231536926147705 0.05333333333333334 0.05588822355289421