0 0.6204013377926422 0.7011834319526628 0.030100334448160536 0.07692307692307693
1 0.5919732441471572 0.757396449704142 0.05351170568561873 0.10650887573964497
1 0.43812709030100333 0.7869822485207101 0.046822742474916385 0.05917159763313609
1 0.5451505016722408 0.7958579881656804 0.046822742474916385 0.08875739644970414
1 0.49331103678929766 0.7958579881656804 0.05016722408026756 0.08875739644970414
0 0.6070234113712375 0.4171597633136095 0.043478260869565216 0.08875739644970414
0 0.3411371237458194 0.4230769230769231 0.046822742474916385 0.11242603550295859
0 0.3896321070234114 0.4260355029585799 0.056856187290969896 0.10650887573964497
0 0.540133779264214 0.4378698224852071 0.07023411371237458 0.11834319526627218
0 0.44816053511705684 0.4349112426035503 0.06688963210702341 0.11242603550295859
0 0.657190635451505 0.44970414201183434 0.05016722408026756 0.08284023668639054