0 0.20652173913043478 0.5491803278688525 0.10869565217391304 0.20218579234972678
0 0.30978260869565216 0.5601092896174863 0.10507246376811594 0.21311475409836064
0 0.41304347826086957 0.5956284153005464 0.10869565217391304 0.18579234972677597
0 0.5181159420289855 0.5983606557377049 0.09420289855072464 0.21311475409836064
0 0.6086956521739131 0.6065573770491803 0.10144927536231885 0.20765027322404372
0 0.7028985507246377 0.6065573770491803 0.08695652173913043 0.18579234972677597
0 0.75 0.6092896174863388 0.10144927536231885 0.18032786885245902
0 0.4384057971014493 0.35792349726775957 0.16666666666666666 0.2786885245901639
0 0.2753623188405797 0.37158469945355194 0.11594202898550725 0.20765027322404372
0 0.6141304347826086 0.3797814207650273 0.17753623188405798 0.2677595628415301
0 0.7481884057971014 0.38524590163934425 0.09057971014492754 0.2786885245901639
0 0.1213768115942029 0.5355191256830601 0.09782608695652174 0.15300546448087432