0 0.628158844765343 0.6181318681318682 0.1588447653429603 0.22527472527472528
0 0.8285198555956679 0.6263736263736264 0.22743682310469315 0.16483516483516483
0 0.4693140794223827 0.6593406593406593 0.15162454873646208 0.27472527472527475
1 0.09566787003610108 0.6648351648351648 0.032490974729241874 0.16483516483516483
0 0.33212996389891697 0.6648351648351648 0.12274368231046931 0.21978021978021978
1 0.22382671480144403 0.6703296703296703 0.08664259927797834 0.1978021978021978
0 0.1444043321299639 0.6675824175824175 0.06498194945848375 0.19230769230769232
0 0.21299638989169675 0.3983516483516483 0.1444043321299639 0.33516483516483514
0 0.51985559566787 0.40934065934065933 0.1588447653429603 0.3131868131868132
0 0.08483754512635379 0.41483516483516486 0.10469314079422383 0.2802197802197802
0 0.3555956678700361 0.4230769230769231 0.1552346570397112 0.2857142857142857
0 0.6805054151624549 0.4697802197802198 0.1407942238267148 0.19230769230769232
0 0.8610108303249098 0.4697802197802198 0.21299638989169675 0.17032967032967034