0 0.9476573938506588 0.4029947916666667 0.10468521229868229 0.3450520833333333
1 0.7847730600292826 0.41796875 0.2240117130307467 0.4739583333333333
0 0.5256222547584187 0.4186197916666667 0.22767203513909223 0.50390625
0 0.1493411420204978 0.427734375 0.20790629575402636 0.4309895833333333
0 0.33199121522694 0.427734375 0.16910688140556368 0.3736979166666667
0 0.0314787701317716 0.5240885416666666 0.0629575402635432 0.24869791666666666
1 0.6171303074670571 0.6341145833333334 0.1171303074670571 0.3802083333333333
1 0.8777452415812591 0.6686197916666666 0.10395314787701318 0.23046875
0 0.9666910688140556 0.6901041666666666 0.06661786237188873 0.2526041666666667
1 0.05014641288433382 0.69140625 0.10029282576866765 0.3125
1 0.46449487554904834 0.71484375 0.14128843338213762 0.2682291666666667
1 0.7404831625183016 0.72265625 0.13250366032210834 0.23697916666666666
1 0.16398243045387995 0.7350260416666666 0.14202049780380674 0.31640625
1 0.3103953147877013 0.7428385416666666 0.15519765739385066 0.3763020833333333