1 0.4555984555984556 0.538659793814433 0.05405405405405406 0.07731958762886598
0 0.4015444015444015 0.538659793814433 0.05405405405405406 0.08762886597938144
1 0.5173745173745173 0.538659793814433 0.06177606177606178 0.07731958762886598
1 0.6312741312741312 0.538659793814433 0.05791505791505792 0.0979381443298969
0 0.3436293436293436 0.5412371134020618 0.06177606177606178 0.08247422680412371
1 0.5714285714285714 0.5438144329896907 0.05405405405405406 0.07731958762886598
0 0.6776061776061776 0.5489690721649485 0.04247104247104247 0.07731958762886598
1 0.3764478764478765 0.4484536082474227 0.05019305019305019 0.08247422680412371
0 0.44594594594594594 0.4536082474226804 0.0888030888030888 0.10309278350515463
1 0.3204633204633205 0.4536082474226804 0.06177606177606178 0.09278350515463918
0 0.611969111969112 0.45618556701030927 0.05791505791505792 0.07731958762886598
0 0.5386100386100386 0.46134020618556704 0.0888030888030888 0.0979381443298969
0 0.667953667953668 0.4690721649484536 0.03861003861003861 0.08247422680412371