0 0.5566666666666666 0.5982142857142857 0.05333333333333334 0.05357142857142857
1 0.5966666666666667 0.6041666666666666 0.02666666666666667 0.05357142857142857
1 0.6316666666666667 0.6160714285714286 0.03 0.05357142857142857
1 0.285 0.6160714285714286 0.03666666666666667 0.05357142857142857
1 0.4083333333333333 0.5148809523809523 0.09 0.10119047619047619
1 0.5816666666666667 0.5267857142857143 0.05 0.08928571428571429
1 0.31166666666666665 0.5357142857142857 0.06333333333333334 0.08333333333333333
1 0.6266666666666667 0.5446428571428571 0.04 0.10119047619047619
1 0.265 0.5535714285714286 0.03666666666666667 0.07142857142857142
1 0.6633333333333333 0.5565476190476191 0.02666666666666667 0.08928571428571429
1 0.495 0.5922619047619048 0.056666666666666664 0.07738095238095238
0 0.37666666666666665 0.5892857142857143 0.04666666666666667 0.05952380952380952
0 0.4266666666666667 0.5892857142857143 0.05333333333333334 0.05952380952380952
1 0.3333333333333333 0.5922619047619048 0.04 0.06547619047619048