0 0.8072727272727273 0.639344262295082 0.14545454545454545 0.17486338797814208
0 0.19272727272727272 0.6639344262295082 0.11636363636363636 0.11475409836065574
0 0.8436363636363636 0.8333333333333334 0.1890909090909091 0.23497267759562843
0 0.15636363636363637 0.8360655737704918 0.16 0.2185792349726776
1 0.5709090909090909 0.14207650273224043 0.14545454545454545 0.19672131147540983
1 0.42727272727272725 0.16393442622950818 0.13454545454545455 0.2185792349726776
0 0.6672727272727272 0.18579234972677597 0.09818181818181818 0.13114754098360656
0 0.3327272727272727 0.20765027322404372 0.09090909090909091 0.14207650273224043
0 0.7363636363636363 0.319672131147541 0.13454545454545455 0.16939890710382513
0 0.2581818181818182 0.3551912568306011 0.12363636363636364 0.14207650273224043
0 0.7781818181818182 0.4808743169398907 0.13090909090909092 0.12021857923497267
0 0.22727272727272727 0.5273224043715847 0.14909090909090908 0.12568306010928962