1 0.1575 0.7340425531914894 0.105 0.24822695035460993
1 0.055 0.74822695035461 0.11 0.1773049645390071
0 0.7575 0.4397163120567376 0.135 0.22695035460992907
0 0.58 0.46099290780141844 0.17 0.24113475177304963
0 0.3925 0.4645390070921986 0.185 0.24822695035460993
0 0.8875 0.4716312056737589 0.115 0.2198581560283688
0 0.975 0.4787234042553192 0.05 0.19148936170212766
0 0.2125 0.5 0.155 0.24822695035460993
0 0.0725 0.5283687943262412 0.145 0.2198581560283688
0 0.8125 0.648936170212766 0.125 0.24822695035460993
0 0.935 0.6595744680851063 0.11 0.1702127659574468
1 0.6875 0.6666666666666666 0.125 0.22695035460992907
1 0.55 0.6702127659574468 0.12 0.19148936170212766
1 0.2875 0.6950354609929078 0.125 0.2553191489361702
1 0.415 0.6985815602836879 0.13 0.2198581560283688