0 0.11643835616438356 0.5924855491329479 0.0958904109589041 0.1907514450867052
0 0.8904109589041096 0.6184971098265896 0.0958904109589041 0.17341040462427745
0 0.4469178082191781 0.6445086705202312 0.11301369863013698 0.2138728323699422
0 0.21404109589041095 0.6473988439306358 0.11986301369863013 0.24277456647398843
0 0.6866438356164384 0.6473988439306358 0.11301369863013698 0.28901734104046245
0 0.3304794520547945 0.6473988439306358 0.11301369863013698 0.2774566473988439
0 0.5633561643835616 0.6589595375722543 0.11986301369863013 0.20809248554913296
0 0.7996575342465754 0.6589595375722543 0.11986301369863013 0.2658959537572254
0 0.398972602739726 0.36416184971098264 0.1815068493150685 0.3583815028901734
0 0.23972602739726026 0.3786127167630058 0.13013698630136986 0.2947976878612717
0 0.5856164383561644 0.3786127167630058 0.18493150684931506 0.34104046242774566
0 0.11986301369863013 0.3872832369942196 0.10273972602739725 0.2543352601156069
0 0.017123287671232876 0.3930635838150289 0.0273972602739726 0.16184971098265896
0 0.875 0.3988439306358382 0.11301369863013698 0.28901734104046245
0 0.04965753424657534 0.3988439306358382 0.05136986301369863 0.18497109826589594
0 0.7465753424657534 0.40173410404624277 0.13013698630136986 0.27167630057803466
0 0.9657534246575342 0.41329479768786126 0.0547945205479452 0.2254335260115607
0 0.0410958904109589 0.5549132947976878 0.0684931506849315 0.13872832369942195
0 0.9537671232876712 0.5635838150289018 0.05821917808219178 0.10982658959537572