1 0.6909090909090909 0.5628415300546448 0.04363636363636364 0.06557377049180328
1 0.3618181818181818 0.5628415300546448 0.06181818181818182 0.09836065573770492
1 0.6618181818181819 0.5710382513661202 0.04363636363636364 0.11475409836065574
0 0.4218181818181818 0.5765027322404371 0.06545454545454546 0.10382513661202186
1 0.48727272727272725 0.592896174863388 0.07272727272727272 0.08196721311475409
1 0.6072727272727273 0.5956284153005464 0.07272727272727272 0.09836065573770492
1 0.5490909090909091 0.6120218579234973 0.06545454545454546 0.08743169398907104
0 0.2381818181818182 0.48360655737704916 0.04 0.060109289617486336
0 0.2818181818181818 0.4918032786885246 0.05454545454545454 0.07650273224043716
0 0.6781818181818182 0.5 0.06181818181818182 0.09289617486338798
0 0.3509090909090909 0.5 0.05454545454545454 0.10382513661202186
0 0.6090909090909091 0.5027322404371585 0.08363636363636363 0.08743169398907104
0 0.72 0.505464480874317 0.05090909090909091 0.08196721311475409
0 0.4290909090909091 0.5136612021857924 0.08727272727272728 0.1092896174863388
0 0.26545454545454544 0.5327868852459017 0.04363636363636364 0.060109289617486336
0 0.5309090909090909 0.5437158469945356 0.10909090909090909 0.1366120218579235
1 0.3145454545454546 0.5409836065573771 0.05454545454545454 0.08743169398907104