0 0.38870431893687707 0.6017964071856288 0.08637873754152824 0.24550898203592814
0 0.47674418604651164 0.6017964071856288 0.07641196013289037 0.2215568862275449
0 0.1644518272425249 0.6137724550898204 0.05647840531561462 0.1497005988023952
0 0.3106312292358804 0.6137724550898204 0.07641196013289037 0.2215568862275449
0 0.25083056478405313 0.625748502994012 0.04983388704318937 0.2215568862275449
0 0.2059800664451827 0.6317365269461078 0.059800664451827246 0.17365269461077845
0 0.6013289036544851 0.3562874251497006 0.07973421926910298 0.2215568862275449
0 0.49667774086378735 0.3592814371257485 0.12956810631229235 0.2874251497005988
0 0.7275747508305648 0.3592814371257485 0.059800664451827246 0.16766467065868262
0 0.6760797342192691 0.3562874251497006 0.06976744186046512 0.2215568862275449
0 0.3754152823920266 0.3712574850299401 0.11295681063122924 0.2994011976047904
0 0.2840531561461794 0.4041916167664671 0.08305647840531562 0.19760479041916168
0 0.2159468438538206 0.41916167664670656 0.07308970099667775 0.2275449101796407
0 0.18604651162790697 0.4491017964071856 0.053156146179401995 0.1437125748502994
0 0.7541528239202658 0.5568862275449101 0.07308970099667775 0.11976047904191617
0 0.6910299003322259 0.5748502994011976 0.08637873754152824 0.17964071856287425
0 0.6362126245847176 0.5808383233532934 0.07641196013289037 0.2155688622754491
0 0.5697674418604651 0.5958083832335329 0.07641196013289037 0.2215568862275449