0 0.6066666666666667 0.4911111111111111 0.03111111111111111 0.04888888888888889
0 0.5555555555555556 0.4955555555555556 0.05333333333333334 0.057777777777777775
0 0.44 0.49777777777777776 0.044444444444444446 0.06222222222222222
0 0.64 0.49777777777777776 0.05333333333333334 0.05333333333333334
0 0.4955555555555556 0.49777777777777776 0.057777777777777775 0.06222222222222222
0 0.3844444444444444 0.5266666666666666 0.04888888888888889 0.06666666666666667
1 0.6288888888888889 0.5377777777777778 0.04 0.044444444444444446
1 0.5888888888888889 0.54 0.03111111111111111 0.04888888888888889
1 0.4177777777777778 0.5444444444444444 0.044444444444444446 0.04888888888888889
1 0.5088888888888888 0.5466666666666666 0.022222222222222223 0.044444444444444446
1 0.4688888888888889 0.5444444444444444 0.04 0.04888888888888889
1 0.47333333333333333 0.5466666666666666 0.04 0.05333333333333334
1 0.5555555555555556 0.5488888888888889 0.044444444444444446 0.04888888888888889
0 0.37333333333333335 0.5511111111111111 0.05333333333333334 0.035555555555555556