0 0.7007722007722008 0.05670103092783505 0.1891891891891892 0.10309278350515463
0 0.694980694980695 0.18298969072164947 0.16216216216216217 0.15979381443298968
0 0.666023166023166 0.24484536082474226 0.14285714285714285 0.12886597938144329
0 0.6891891891891891 0.33505154639175255 0.09652509652509653 0.15463917525773196
0 0.0637065637065637 0.37371134020618557 0.07335907335907337 0.15979381443298968
0 0.638996138996139 0.4020618556701031 0.09652509652509653 0.17525773195876287
1 0.12548262548262548 0.4175257731958763 0.0888030888030888 0.16494845360824742
0 0.5617760617760618 0.42783505154639173 0.09652509652509653 0.1958762886597938
0 0.21042471042471042 0.4536082474226804 0.09652509652509653 0.17525773195876287
0 0.4864864864864865 0.45618556701030927 0.10038610038610038 0.19072164948453607
0 0.3938223938223938 0.4742268041237113 0.08494208494208494 0.1958762886597938
0 0.3030888030888031 0.49226804123711343 0.09652509652509653 0.19072164948453607