0 0.21070234113712374 0.6636904761904762 0.14715719063545152 0.3392857142857143
1 0.7759197324414716 0.8125 0.15384615384615385 0.24404761904761904
0 0.28762541806020064 0.8779761904761905 0.12040133779264214 0.20833333333333334
1 0.6755852842809364 0.8988095238095238 0.10702341137123746 0.20238095238095238
1 0.3979933110367893 0.9285714285714286 0.11371237458193979 0.14285714285714285
1 0.5819397993311036 0.9404761904761905 0.08695652173913043 0.11904761904761904
1 0.49498327759197325 0.9404761904761905 0.11371237458193979 0.11904761904761904
0 0.06521739130434782 0.10416666666666667 0.13043478260869565 0.20833333333333334
0 0.8645484949832776 0.25297619047619047 0.22408026755852842 0.43452380952380953
0 0.12374581939799331 0.38392857142857145 0.18729096989966554 0.35119047619047616
0 0.8327759197324415 0.5654761904761905 0.2140468227424749 0.35714285714285715