0 0.86015625 0.41578947368421054 0.1421875 0.21578947368421053
0 0.23046875 0.41973684210526313 0.1046875 0.17105263157894737
0 0.04140625 0.425 0.0828125 0.17105263157894737
0 0.1140625 0.4263157894736842 0.146875 0.2
0 0.73671875 0.4355263157894737 0.1171875 0.19210526315789472
0 0.371875 0.4644736842105263 0.125 0.22894736842105262
0 0.5484375 0.46578947368421053 0.146875 0.22105263157894736
0 0.8609375 0.5223684210526316 0.1 0.1394736842105263
0 0.65078125 0.5236842105263158 0.0890625 0.19473684210526315
0 0.315625 0.525 0.0875 0.2131578947368421
0 0.20625 0.5407894736842105 0.096875 0.18157894736842106
0 0.78125 0.5460526315789473 0.1125 0.1394736842105263
0 0.42578125 0.5539473684210526 0.0953125 0.18157894736842106
0 0.5328125 0.5578947368421052 0.1125 0.15789473684210525