1 0.44904458598726116 0.6375 0.08917197452229299 0.1875
1 0.7261146496815286 0.6375 0.08917197452229299 0.1875
1 0.5429936305732485 0.646875 0.09235668789808917 0.16875
1 0.6305732484076433 0.646875 0.08280254777070063 0.19375
0 0.18949044585987262 0.45 0.09872611464968153 0.2375
0 0.2802547770700637 0.5 0.08280254777070063 0.2
0 0.5493630573248408 0.521875 0.14331210191082802 0.13125
0 0.40445859872611467 0.521875 0.1337579617834395 0.18125
0 0.6831210191082803 0.528125 0.09235668789808917 0.13125
0 0.785031847133758 0.546875 0.09235668789808917 0.18125
1 0.2643312101910828 0.590625 0.09554140127388536 0.16875
1 0.35668789808917195 0.609375 0.08280254777070063 0.18125
0 0.8232484076433121 0.615625 0.04777070063694268 0.11875