1 0.9203703703703704 0.27530864197530863 0.05925925925925926 0.10617283950617284
1 0.8444444444444444 0.32592592592592595 0.07777777777777778 0.1580246913580247
0 0.12685185185185185 0.3851851851851852 0.08333333333333333 0.10864197530864197
1 0.7527777777777778 0.41358024691358025 0.09444444444444444 0.1506172839506173
1 0.8814814814814815 0.42345679012345677 0.08518518518518518 0.1259259259259259
1 0.2222222222222222 0.4246913580246914 0.1111111111111111 0.12839506172839507
1 0.3296296296296296 0.46296296296296297 0.1111111111111111 0.15555555555555556
1 0.6240740740740741 0.48148148148148145 0.14814814814814814 0.14320987654320988
1 0.8203703703703704 0.4962962962962963 0.08148148148148149 0.16790123456790124
1 0.4583333333333333 0.5024691358024691 0.1537037037037037 0.1308641975308642
1 0.19074074074074074 0.5111111111111111 0.1037037037037037 0.16296296296296298
1 0.7379629629629629 0.5518518518518518 0.09074074074074075 0.14074074074074075
1 0.2833333333333333 0.5790123456790124 0.08148148148148149 0.18024691358024691
0 0.6240740740740741 0.5950617283950618 0.12222222222222222 0.09876543209876543
1 0.4925925925925926 0.6098765432098765 0.11481481481481481 0.15308641975308643
1 0.37777777777777777 0.6148148148148148 0.1 0.14320987654320988