0 0.22456140350877193 0.6638418079096046 0.11929824561403508 0.1864406779661017
0 0.7929824561403509 0.6666666666666666 0.11228070175438597 0.192090395480226
1 0.28421052631578947 0.7740112994350282 0.08421052631578947 0.14689265536723164
1 0.7350877192982456 0.7937853107344632 0.10175438596491228 0.1751412429378531
1 0.3526315789473684 0.864406779661017 0.08070175438596491 0.11299435028248588
1 0.6666666666666666 0.864406779661017 0.08421052631578947 0.14689265536723164
1 0.45263157894736844 0.8870056497175142 0.11228070175438597 0.1694915254237288
1 0.5719298245614035 0.8926553672316384 0.11929824561403508 0.1694915254237288
0 0.875438596491228 0.1977401129943503 0.19298245614035087 0.3163841807909605
0 0.11929824561403508 0.20903954802259886 0.20350877192982456 0.3163841807909605
0 0.17192982456140352 0.4774011299435028 0.16842105263157894 0.2768361581920904
0 0.8333333333333334 0.480225988700565 0.1649122807017544 0.2711864406779661