0 0.032196969696969696 0.6308900523560209 0.06439393939393939 0.16230366492146597
0 0.2727272727272727 0.6544502617801047 0.1590909090909091 0.2513089005235602
0 0.10227272727272728 0.6570680628272252 0.18181818181818182 0.29842931937172773
1 0.5928030303030303 0.6780104712041884 0.16287878787878787 0.25654450261780104
1 0.9242424242424242 0.680628272251309 0.15151515151515152 0.33507853403141363
1 0.7632575757575758 0.680628272251309 0.16287878787878787 0.28272251308900526
1 0.4318181818181818 0.680628272251309 0.15151515151515152 0.27225130890052357
1 0.8409090909090909 0.38219895287958117 0.17424242424242425 0.3036649214659686
0 0.6363636363636364 0.39528795811518325 0.2196969696969697 0.2879581151832461
1 0.17613636363636365 0.39790575916230364 0.16287878787878787 0.2513089005235602
0 0.3787878787878788 0.4005235602094241 0.2196969696969697 0.29842931937172773
1 0.043560606060606064 0.42670157068062825 0.08712121212121213 0.25654450261780104
1 0.9715909090909091 0.4607329842931937 0.056818181818181816 0.16753926701570682