0 0.8054545454545454 0.09289617486338798 0.08363636363636363 0.18579234972677597
1 0.05272727272727273 0.1830601092896175 0.10545454545454545 0.23497267759562843
0 0.8672727272727273 0.19398907103825136 0.09090909090909091 0.15846994535519127
0 0.9309090909090909 0.3005464480874317 0.08 0.13114754098360656
1 0.07090909090909091 0.3879781420765027 0.12 0.25136612021857924
0 0.8945454545454545 0.4426229508196721 0.11636363636363636 0.20765027322404372
0 0.6218181818181818 0.4808743169398907 0.16727272727272727 0.25136612021857924
1 0.14181818181818182 0.48633879781420764 0.10909090909090909 0.20765027322404372
0 0.7527272727272727 0.5109289617486339 0.16 0.2568306010928962
0 0.48727272727272725 0.5273224043715847 0.10909090909090909 0.22404371584699453
0 0.3781818181818182 0.5300546448087432 0.12363636363636364 0.22950819672131148
1 0.24909090909090909 0.5273224043715847 0.13454545454545455 0.22404371584699453