1 0.4230769230769231 0.5982142857142857 0.023411371237458192 0.07738095238095238
1 0.6655518394648829 0.6041666666666666 0.05351170568561873 0.07738095238095238
1 0.7090301003344481 0.6190476190476191 0.033444816053511704 0.03571428571428571
1 0.3996655518394649 0.6190476190476191 0.023411371237458192 0.047619047619047616
0 0.4866220735785953 0.4642857142857143 0.05016722408026756 0.07142857142857142
0 0.5384615384615384 0.47023809523809523 0.06020066889632107 0.09523809523809523
0 0.580267558528428 0.4791666666666667 0.056856187290969896 0.07738095238095238
0 0.44648829431438125 0.4880952380952381 0.030100334448160536 0.07142857142857142
1 0.6421404682274248 0.4880952380952381 0.05351170568561873 0.10714285714285714
1 0.40301003344481606 0.5208333333333334 0.05016722408026756 0.1130952380952381
0 0.7240802675585284 0.5476190476190477 0.08361204013377926 0.10714285714285714
1 0.4866220735785953 0.5714285714285714 0.03678929765886288 0.08333333333333333
1 0.5635451505016722 0.5744047619047619 0.05016722408026756 0.07738095238095238
1 0.5234113712374582 0.5744047619047619 0.030100334448160536 0.07738095238095238
1 0.4531772575250836 0.5833333333333334 0.030100334448160536 0.09523809523809523
1 0.6153846153846154 0.5863095238095238 0.046822742474916385 0.08928571428571429