1 0.7223684210526315 0.8345864661654135 0.12368421052631579 0.3308270676691729
1 0.6052631578947368 0.8609022556390977 0.12631578947368421 0.2781954887218045
1 0.21842105263157896 0.8646616541353384 0.11052631578947368 0.2706766917293233
1 0.48026315789473684 0.868421052631579 0.12368421052631579 0.2631578947368421
1 0.34868421052631576 0.8759398496240601 0.14473684210526316 0.24812030075187969
1 0.8315789473684211 0.8872180451127819 0.11052631578947368 0.22556390977443608
1 0.906578947368421 0.9548872180451128 0.060526315789473685 0.09022556390977443
0 0.6 0.23684210526315788 0.2 0.3383458646616541
0 0.07631578947368421 0.34962406015037595 0.10526315789473684 0.41353383458646614
0 0.8671052631578947 0.3609022556390977 0.09736842105263158 0.3609022556390977
0 0.20921052631578949 0.3684210526315789 0.12894736842105264 0.48120300751879697
0 0.95 0.38345864661654133 0.1 0.5413533834586466
0 0.7684210526315789 0.39097744360902253 0.1368421052631579 0.45112781954887216
0 0.3828947368421053 0.39849624060150374 0.2236842105263158 0.7218045112781954
0 0.02631578947368421 0.42857142857142855 0.05263157894736842 0.3609022556390977