0 0.6062271062271062 0.5567567567567567 0.09157509157509157 0.11891891891891893
0 0.23809523809523808 0.5783783783783784 0.07326007326007326 0.11891891891891893
0 0.7252747252747253 0.6378378378378379 0.07326007326007326 0.12972972972972974
0 0.2216117216117216 0.672972972972973 0.07692307692307693 0.12432432432432433
0 0.7985347985347986 0.6837837837837838 0.04395604395604396 0.0918918918918919
0 0.847985347985348 0.7216216216216216 0.03296703296703297 0.05945945945945946
1 0.2692307692307692 0.7513513513513513 0.0695970695970696 0.14054054054054055
1 0.34065934065934067 0.7621621621621621 0.05860805860805861 0.11891891891891893
1 0.4230769230769231 0.7810810810810811 0.06227106227106227 0.13513513513513514
1 0.5879120879120879 0.7918918918918919 0.08424908424908426 0.11351351351351352
0 0.8608058608058609 0.7918918918918919 0.03663003663003663 0.04864864864864865
1 0.4981684981684982 0.7945945945945946 0.06593406593406594 0.11891891891891893
0 0.6941391941391941 0.7972972972972973 0.08424908424908426 0.11351351351351352
0 0.7948717948717948 0.8108108108108109 0.09523809523809523 0.08648648648648649
0 0.2948717948717949 0.5081081081081081 0.0695970695970696 0.10810810810810811
0 0.38644688644688646 0.518918918918919 0.0989010989010989 0.11891891891891893
0 0.5 0.5297297297297298 0.12087912087912088 0.12972972972972974