1 0.803082191780822 0.6133720930232558 0.11301369863013698 0.22674418604651161
1 0.684931506849315 0.6162790697674418 0.11643835616438356 0.20930232558139536
1 0.9606164383561644 0.6162790697674418 0.07876712328767123 0.10465116279069768
1 0.577054794520548 0.627906976744186 0.11301369863013698 0.2558139534883721
1 0.9041095890410958 0.6540697674418605 0.11643835616438356 0.21511627906976744
1 0.3476027397260274 0.6598837209302325 0.11986301369863013 0.22674418604651161
1 0.22945205479452055 0.6656976744186046 0.11643835616438356 0.21511627906976744
1 0.4674657534246575 0.6656976744186046 0.11986301369863013 0.25
1 0.025684931506849314 0.6976744186046512 0.05136986301369863 0.12790697674418605
0 0.11643835616438356 0.7325581395348837 0.136986301369863 0.20930232558139536
0 0.7636986301369864 0.4680232558139535 0.14383561643835616 0.18023255813953487
1 0.8698630136986302 0.49127906976744184 0.10273972602739725 0.19186046511627908
0 0.6078767123287672 0.5 0.16095890410958905 0.23255813953488372
0 0.9537671232876712 0.5 0.09246575342465753 0.13953488372093023
0 0.2962328767123288 0.502906976744186 0.1267123287671233 0.1686046511627907
0 0.4417808219178082 0.5145348837209303 0.15753424657534246 0.21511627906976744
1 0.1558219178082192 0.5581395348837209 0.1404109589041096 0.20930232558139536
0 0.05136986301369863 0.5784883720930233 0.10273972602739725 0.1569767441860465