1 0.05505952380952381 0.6711409395973155 0.11011904761904762 0.3221476510067114
0 0.18898809523809523 0.6845637583892618 0.13392857142857142 0.3624161073825503
0 0.3229166666666667 0.6879194630872483 0.12797619047619047 0.3825503355704698
0 0.6160714285714286 0.31208053691275167 0.19047619047619047 0.3691275167785235
1 0.42857142857142855 0.31543624161073824 0.19047619047619047 0.3624161073825503
1 0.7619047619047619 0.34563758389261745 0.13690476190476192 0.3422818791946309
1 0.26785714285714285 0.36577181208053694 0.13690476190476192 0.3288590604026846
1 0.8869047619047619 0.37583892617449666 0.125 0.348993288590604
1 0.1324404761904762 0.40939597315436244 0.14583333333333334 0.3624161073825503
1 0.03125 0.4597315436241611 0.0625 0.14093959731543623
1 0.9375 0.6577181208053692 0.125 0.3221476510067114
0 0.7053571428571429 0.6644295302013423 0.13095238095238096 0.3624161073825503
0 0.4568452380952381 0.6644295302013423 0.11011904761904762 0.28187919463087246
1 0.8407738095238095 0.6711409395973155 0.13988095238095238 0.38926174496644295
0 0.5773809523809523 0.6711409395973155 0.11904761904761904 0.3087248322147651