1 0.1426056338028169 0.22752808988764045 0.03169014084507042 0.12921348314606743
1 0.17077464788732394 0.28651685393258425 0.03169014084507042 0.15730337078651685
1 0.19718309859154928 0.3258426966292135 0.04225352112676056 0.19101123595505617
1 0.24119718309859156 0.36235955056179775 0.06690140845070422 0.25280898876404495
1 0.8063380281690141 0.40168539325842695 0.04929577464788732 0.12921348314606743
1 0.30633802816901406 0.40730337078651685 0.08450704225352113 0.21910112359550563
1 0.7623239436619719 0.4297752808988764 0.0528169014084507 0.1853932584269663
1 0.698943661971831 0.45224719101123595 0.06690140845070422 0.24157303370786518
1 0.40492957746478875 0.4550561797752809 0.1267605633802817 0.24719101123595505
1 0.6179577464788732 0.45786516853932585 0.09507042253521127 0.21910112359550563
1 0.5158450704225352 0.47752808988764045 0.13028169014084506 0.24719101123595505