1 0.6125 0.20916666666666667 0.095 0.12833333333333333
1 0.571875 0.2866666666666667 0.08875 0.13
0 0.19 0.29083333333333333 0.2 0.26166666666666666
0 0.105625 0.4241666666666667 0.16375 0.20833333333333334
1 0.766875 0.06 0.12875 0.12
0 0.18875 0.7158333333333333 0.14 0.185
0 0.320625 0.7358333333333333 0.15625 0.22166666666666668
0 0.486875 0.7566666666666667 0.17875 0.22333333333333333
0 0.9625 0.78 0.075 0.19666666666666666
0 0.628125 0.7866666666666666 0.12125 0.19333333333333333
0 0.44125 0.08083333333333333 0.1675 0.16166666666666665
0 0.869375 0.8058333333333333 0.11625 0.245
0 0.750625 0.8058333333333333 0.11875 0.18833333333333332
1 0.68375 0.145 0.115 0.17666666666666667
0 0.316875 0.16583333333333333 0.22375 0.305