0 0.649090909090909 0.40217391304347827 0.04727272727272727 0.07608695652173914
0 0.6818181818181818 0.40217391304347827 0.04 0.05434782608695652
0 0.37272727272727274 0.4076086956521739 0.04727272727272727 0.043478260869565216
0 0.6072727272727273 0.41032608695652173 0.04363636363636364 0.07065217391304347
0 0.40545454545454546 0.41032608695652173 0.05454545454545454 0.08152173913043478
0 0.5654545454545454 0.4157608695652174 0.06909090909090909 0.059782608695652176
0 0.5054545454545455 0.41304347826086957 0.05818181818181818 0.06521739130434782
0 0.45636363636363636 0.421195652173913 0.05454545454545454 0.04891304347826087
0 0.6672727272727272 0.44565217391304346 0.04727272727272727 0.05434782608695652
0 0.6254545454545455 0.4483695652173913 0.04363636363636364 0.07065217391304347
0 0.5545454545454546 0.453804347826087 0.04727272727272727 0.07065217391304347
0 0.5163636363636364 0.45652173913043476 0.05090909090909091 0.06521739130434782
0 0.5963636363636363 0.4592391304347826 0.04363636363636364 0.059782608695652176
0 0.43454545454545457 0.4592391304347826 0.05454545454545454 0.07065217391304347
0 0.4727272727272727 0.4592391304347826 0.04363636363636364 0.059782608695652176
0 0.3981818181818182 0.4592391304347826 0.04 0.059782608695652176