0 0.6036363636363636 0.412568306010929 0.05090909090909091 0.060109289617486336
0 0.5509090909090909 0.4180327868852459 0.05454545454545454 0.10382513661202186
0 0.4254545454545455 0.4207650273224044 0.03636363636363636 0.07650273224043716
0 0.4818181818181818 0.4180327868852459 0.05454545454545454 0.08196721311475409
0 0.6381818181818182 0.42349726775956287 0.05454545454545454 0.08196721311475409
0 0.3690909090909091 0.453551912568306 0.05454545454545454 0.13114754098360656
1 0.58 0.4918032786885246 0.03272727272727273 0.09836065573770492
1 0.6218181818181818 0.49453551912568305 0.04363636363636364 0.08196721311475409
1 0.5381818181818182 0.5109289617486339 0.03636363636363636 0.09289617486338798
1 0.4036363636363636 0.5136612021857924 0.05090909090909091 0.12021857923497267
1 0.45636363636363636 0.5163934426229508 0.04 0.11475409836065574
1 0.5036363636363637 0.5163934426229508 0.04 0.09289617486338798
1 0.3490909090909091 0.5355191256830601 0.03636363636363636 0.0546448087431694