0 0.12110726643598616 0.3333333333333333 0.05536332179930796 0.11494252873563218
0 0.8235294117647058 0.3735632183908046 0.08996539792387544 0.12643678160919541
0 0.17301038062283736 0.3793103448275862 0.05536332179930796 0.08045977011494253
0 0.24740484429065743 0.4051724137931034 0.058823529411764705 0.10919540229885058
0 0.32698961937716264 0.4051724137931034 0.09342560553633218 0.13218390804597702
0 0.42387543252595156 0.43103448275862066 0.10726643598615918 0.14942528735632185
0 0.5588235294117647 0.4454022988505747 0.10034602076124567 0.15517241379310345
0 0.6557093425605537 0.4482758620689655 0.07958477508650519 0.13793103448275862
0 0.7335640138408305 0.4482758620689655 0.06920415224913495 0.13793103448275862
0 0.157439446366782 0.45977011494252873 0.12802768166089964 0.1839080459770115
0 0.8166089965397924 0.46839080459770116 0.09688581314878893 0.13218390804597702
1 0.2681660899653979 0.5086206896551724 0.08650519031141868 0.15517241379310345
1 0.35121107266435986 0.5431034482758621 0.0657439446366782 0.13218390804597702
1 0.5086505190311419 0.5488505747126436 0.05536332179930796 0.14367816091954022
1 0.5865051903114187 0.5632183908045977 0.058823529411764705 0.12643678160919541
1 0.4273356401384083 0.5603448275862069 0.0657439446366782 0.13218390804597702
1 0.6678200692041523 0.5660919540229885 0.06228373702422145 0.1206896551724138