1 0.9111969111969112 0.6623711340206185 0.09266409266409266 0.18041237113402062
1 0.8223938223938224 0.6984536082474226 0.08494208494208494 0.18041237113402062
1 0.7258687258687259 0.7164948453608248 0.138996138996139 0.2268041237113402
0 0.5772200772200772 0.75 0.1891891891891892 0.3247422680412371
0 0.20270270270270271 0.7525773195876289 0.1583011583011583 0.27835051546391754
0 0.37065637065637064 0.7603092783505154 0.1776061776061776 0.31443298969072164
1 0.9420849420849421 0.42783505154639173 0.11583011583011583 0.31958762886597936
0 0.032818532818532815 0.4587628865979381 0.06563706563706563 0.17525773195876287
1 0.6640926640926641 0.45618556701030927 0.21621621621621623 0.3247422680412371
1 0.8571428571428571 0.4639175257731959 0.19305019305019305 0.32989690721649484
0 0.2702702702702703 0.47680412371134023 0.16216216216216217 0.3247422680412371
0 0.44787644787644787 0.47680412371134023 0.18532818532818532 0.33505154639175255
0 0.11776061776061776 0.49226804123711343 0.14285714285714285 0.28350515463917525