1 0.7196969696969697 0.6361256544502618 0.16666666666666666 0.2879581151832461
1 0.8977272727272727 0.6492146596858639 0.20454545454545456 0.33507853403141363
0 0.26704545454545453 0.6492146596858639 0.1553030303030303 0.3036649214659686
0 0.10227272727272728 0.6518324607329843 0.17424242424242425 0.3193717277486911
0 0.4185606060606061 0.6544502617801047 0.14772727272727273 0.28272251308900526
0 0.5662878787878788 0.6570680628272252 0.14015151515151514 0.2879581151832461
0 0.7973484848484849 0.32722513089005234 0.16287878787878787 0.1518324607329843
0 0.3484848484848485 0.3324607329842932 0.20454545454545456 0.1518324607329843
0 0.16098484848484848 0.3481675392670157 0.1553030303030303 0.12041884816753927
0 0.5928030303030303 0.3717277486910995 0.2159090909090909 0.2617801047120419
0 0.9393939393939394 0.3743455497382199 0.12121212121212122 0.3193717277486911
1 0.041666666666666664 0.43455497382198954 0.08333333333333333 0.2617801047120419