1 0.845724907063197 0.7299465240641712 0.137546468401487 0.2620320855614973
1 0.6003717472118959 0.732620320855615 0.11524163568773234 0.21390374331550802
1 0.7174721189591078 0.7352941176470589 0.11895910780669144 0.24064171122994651
1 0.4795539033457249 0.7379679144385026 0.12639405204460966 0.22459893048128343
1 0.9386617100371747 0.7433155080213903 0.10037174721189591 0.18181818181818182
1 0.3587360594795539 0.7540106951871658 0.12267657992565056 0.23529411764705882
1 0.13011152416356878 0.7593582887700535 0.11895910780669144 0.1711229946524064
1 0.23977695167286245 0.767379679144385 0.11524163568773234 0.25133689839572193
1 0.0687732342007435 0.786096256684492 0.137546468401487 0.20320855614973263
0 0.6301115241635687 0.35294117647058826 0.17472118959107807 0.20320855614973263
0 0.7732342007434945 0.3582887700534759 0.11152416356877323 0.21390374331550802
0 0.4368029739776952 0.37433155080213903 0.1821561338289963 0.20320855614973263
0 0.2899628252788104 0.40641711229946526 0.12639405204460966 0.20320855614973263
1 0.8847583643122676 0.42245989304812837 0.1412639405204461 0.25668449197860965
1 0.9646840148698885 0.44919786096256686 0.07063197026022305 0.1925133689839572
1 0.17472118959107807 0.47058823529411764 0.14869888475836432 0.23529411764705882
1 0.08364312267657993 0.5133689839572193 0.11524163568773234 0.1711229946524064