0 0.34115523465703973 0.40934065934065933 0.06859205776173286 0.1043956043956044
0 0.2743682310469314 0.41208791208791207 0.06498194945848375 0.08791208791208792
0 0.4259927797833935 0.4230769230769231 0.09386281588447654 0.13186813186813187
0 0.5361010830324909 0.42857142857142855 0.09747292418772563 0.13186813186813187
0 0.628158844765343 0.4340659340659341 0.07220216606498195 0.08791208791208792
0 0.21660649819494585 0.4423076923076923 0.036101083032490974 0.08241758241758242
0 0.703971119133574 0.4478021978021978 0.07220216606498195 0.08241758241758242
0 0.7815884476534296 0.45879120879120877 0.061371841155234655 0.07142857142857142
0 0.3140794223826715 0.4807692307692308 0.06498194945848375 0.13736263736263737
0 0.2490974729241877 0.489010989010989 0.05776173285198556 0.12087912087912088
0 0.37906137184115524 0.4945054945054945 0.06498194945848375 0.10989010989010989
0 0.7418772563176895 0.5 0.09025270758122744 0.12087912087912088
1 0.6624548736462094 0.49725274725274726 0.07581227436823104 0.15934065934065933
1 0.5180505415162455 0.5054945054945055 0.06859205776173286 0.12087912087912088
1 0.5956678700361011 0.510989010989011 0.06498194945848375 0.10989010989010989
0 0.44223826714801445 0.5164835164835165 0.06859205776173286 0.07692307692307693