0 0.393 0.3523238380809595 0.26 0.4497751124437781
0 0.1955 0.3785607196401799 0.203 0.3583208395802099
0 0.602 0.3823088455772114 0.226 0.4017991004497751
0 0.068 0.39430284857571213 0.136 0.4707646176911544
0 0.7825 0.4527736131934033 0.219 0.36881559220389803
0 0.928 0.4955022488755622 0.144 0.424287856071964
0 0.1795 0.800599700149925 0.143 0.25787106446776614
0 0.311 0.8673163418290855 0.176 0.2353823088455772
0 0.4485 0.8770614692653673 0.159 0.24587706146926536
0 0.5905 0.8778110944527736 0.173 0.24437781109445278
1 0.729 0.8943028485757122 0.162 0.21139430284857572
1 0.8435 0.9002998500749625 0.121 0.19940029985007496