0 0.8231884057971014 0.702054794520548 0.08695652173913043 0.3082191780821918
0 0.7246376811594203 0.7123287671232876 0.11594202898550725 0.3835616438356164
0 0.42318840579710143 0.7191780821917808 0.0927536231884058 0.4520547945205479
0 0.6159420289855072 0.7226027397260274 0.1072463768115942 0.4863013698630137
0 0.5101449275362319 0.7328767123287672 0.11594202898550725 0.4657534246575342
0 0.2536231884057971 0.22945205479452055 0.0782608695652174 0.3356164383561644
0 0.1565217391304348 0.2328767123287671 0.11594202898550725 0.2602739726027397
0 0.10289855072463767 0.273972602739726 0.10144927536231885 0.3150684931506849
0 0.34057971014492755 0.2808219178082192 0.11884057971014493 0.410958904109589
0 0.4623188405797101 0.3116438356164384 0.14782608695652175 0.4041095890410959
0 0.7318840579710145 0.3253424657534247 0.1072463768115942 0.2945205479452055
0 0.6 0.3321917808219178 0.14492753623188406 0.3493150684931507
0 0.8217391304347826 0.3664383561643836 0.0782608695652174 0.22602739726027396
0 0.8985507246376812 0.4041095890410959 0.08115942028985507 0.2602739726027397
0 0.9492753623188406 0.4212328767123288 0.06666666666666667 0.2534246575342466
0 0.06521739130434782 0.565068493150685 0.11304347826086956 0.2534246575342466
0 0.24347826086956523 0.5924657534246576 0.0927536231884058 0.4178082191780822
0 0.14782608695652175 0.6438356164383562 0.0927536231884058 0.4383561643835616
0 0.336231884057971 0.6506849315068494 0.0927536231884058 0.3424657534246575