0 0.42699724517906334 0.4121900826446281 0.1322314049586777 0.22933884297520662
0 0.553030303030303 0.43285123966942146 0.13360881542699724 0.23760330578512398
0 0.30578512396694213 0.4359504132231405 0.09917355371900827 0.19421487603305784
0 0.20798898071625344 0.44111570247933884 0.09917355371900827 0.24173553719008264
0 0.6763085399449036 0.48037190082644626 0.10743801652892562 0.1962809917355372
0 0.7644628099173554 0.5092975206611571 0.09090909090909091 0.22933884297520662
0 0.14325068870523416 0.5402892561983471 0.06611570247933884 0.10537190082644628
0 0.8402203856749312 0.5475206611570248 0.0743801652892562 0.18181818181818182
1 0.30303030303030304 0.7035123966942148 0.09090909090909091 0.14256198347107438
1 0.37947658402203854 0.7283057851239669 0.081267217630854 0.1384297520661157
1 0.4628099173553719 0.7334710743801653 0.09090909090909091 0.13636363636363635
1 0.5447658402203857 0.743801652892562 0.08953168044077135 0.14049586776859505
1 0.709366391184573 0.7479338842975206 0.07713498622589532 0.1115702479338843
1 0.6267217630853994 0.756198347107438 0.09090909090909091 0.12396694214876033