1 0.8859315589353612 0.7161458333333334 0.12927756653992395 0.3489583333333333
1 0.9771863117870723 0.7265625 0.045627376425855515 0.2760416666666667
1 0.7661596958174905 0.7526041666666666 0.13307984790874525 0.3072916666666667
1 0.6140684410646388 0.7838541666666666 0.19391634980988592 0.3802083333333333
1 0.42015209125475284 0.8046875 0.20152091254752852 0.3489583333333333
1 0.13498098859315588 0.8177083333333334 0.1482889733840304 0.3333333333333333
1 0.26045627376425856 0.8229166666666666 0.11787072243346007 0.25
1 0.04752851711026616 0.8255208333333334 0.07984790874524715 0.24479166666666666
1 0.9752851711026616 0.9270833333333334 0.049429657794676805 0.14583333333333334
1 0.9372623574144486 0.9348958333333334 0.07984790874524715 0.13020833333333334
1 0.8460076045627376 0.9401041666666666 0.11787072243346007 0.11979166666666667
1 0.06463878326996197 0.9635416666666666 0.09125475285171103 0.07291666666666667
1 0.7319391634980988 0.9635416666666666 0.12547528517110265 0.07291666666666667
1 0.1634980988593156 0.96875 0.09885931558935361 0.0625
1 0.26996197718631176 0.96875 0.09885931558935361 0.0625
0 0.8802281368821293 0.24479166666666666 0.11026615969581749 0.3229166666666667
0 0.7623574144486692 0.24479166666666666 0.11787072243346007 0.28125
0 0.9562737642585551 0.2526041666666667 0.07224334600760456 0.24479166666666666
0 0.6064638783269962 0.2734375 0.19391634980988592 0.359375
0 0.2414448669201521 0.2864583333333333 0.13307984790874525 0.2604166666666667
0 0.11026615969581749 0.2890625 0.13688212927756654 0.3385416666666667
0 0.41064638783269963 0.2942708333333333 0.19771863117870722 0.328125
1 0.028517110266159697 0.3125 0.057034220532319393 0.20833333333333334
1 0.9524714828897338 0.4270833333333333 0.07224334600760456 0.14583333333333334
1 0.8954372623574145 0.4427083333333333 0.07984790874524715 0.11458333333333333
1 0.8060836501901141 0.453125 0.11406844106463879 0.11458333333333333
1 0.10266159695817491 0.4479166666666667 0.11406844106463879 0.10416666666666667
1 0.22433460076045628 0.4479166666666667 0.12927756653992395 0.10416666666666667
1 0.022813688212927757 0.4609375 0.045627376425855515 0.09895833333333333
1 0.6920152091254753 0.4635416666666667 0.12927756653992395 0.0625
1 0.34600760456273766 0.4661458333333333 0.12167300380228137 0.078125
1 0.46577946768060835 0.484375 0.10266159695817491 0.052083333333333336