0 0.9191176470588235 0.7027027027027027 0.16176470588235295 0.32432432432432434
0 0.7463235294117647 0.7567567567567568 0.17647058823529413 0.3675675675675676
0 0.12867647058823528 0.7594594594594595 0.11029411764705882 0.2972972972972973
0 0.5772058823529411 0.7621621621621621 0.17647058823529413 0.3891891891891892
0 0.40625 0.7702702702702703 0.1801470588235294 0.3621621621621622
0 0.25 0.7864864864864864 0.15441176470588236 0.372972972972973
0 0.09375 0.3864864864864865 0.09191176470588236 0.13513513513513514
0 0.4099264705882353 0.3891891891891892 0.24632352941176472 0.42162162162162165
0 0.6691176470588235 0.4 0.25735294117647056 0.3567567567567568
0 0.8823529411764706 0.4135135135135135 0.16176470588235295 0.2864864864864865
0 0.03308823529411765 0.43783783783783786 0.058823529411764705 0.20540540540540542
0 0.2113970588235294 0.4540540540540541 0.16544117647058823 0.2810810810810811