1 0.18 0.819672131147541 0.13454545454545455 0.2185792349726776
1 0.3145454545454546 0.8633879781420765 0.14181818181818182 0.22950819672131148
1 0.4490909090909091 0.8743169398907104 0.14181818181818182 0.20765027322404372
1 0.5909090909090909 0.8879781420765027 0.14181818181818182 0.21311475409836064
1 0.7236363636363636 0.9098360655737705 0.15272727272727274 0.18032786885245902
1 0.8418181818181818 0.912568306010929 0.09090909090909091 0.15300546448087432
0 0.3890909090909091 0.3524590163934426 0.2109090909090909 0.366120218579235
0 0.6018181818181818 0.3879781420765027 0.20727272727272728 0.37158469945355194
0 0.18727272727272729 0.3907103825136612 0.13454545454545455 0.3114754098360656
0 0.06 0.3907103825136612 0.12 0.3989071038251366
0 0.7890909090909091 0.46174863387978143 0.18181818181818182 0.3114754098360656
0 0.9254545454545454 0.5081967213114754 0.14909090909090908 0.37158469945355194