0 0.8854545454545455 0.6467391304347826 0.10545454545454545 0.17391304347826086
1 0.04 0.6630434782608695 0.07272727272727272 0.11956521739130435
1 0.13272727272727272 0.7038043478260869 0.13454545454545455 0.19021739130434784
1 0.7054545454545454 0.7119565217391305 0.14545454545454545 0.25
0 0.8363636363636363 0.720108695652174 0.12363636363636364 0.21195652173913043
1 0.4636363636363636 0.7228260869565217 0.10545454545454545 0.1956521739130435
1 0.23636363636363636 0.7255434782608695 0.13090909090909092 0.1793478260869565
1 0.5890909090909091 0.7309782608695652 0.13818181818181818 0.16847826086956522
1 0.35454545454545455 0.7364130434782609 0.12 0.16847826086956522
0 0.7327272727272728 0.45108695652173914 0.10545454545454545 0.22826086956521738
0 0.5890909090909091 0.46195652173913043 0.17454545454545456 0.32608695652173914
0 0.8163636363636364 0.46467391304347827 0.09090909090909091 0.28804347826086957
0 0.37454545454545457 0.47282608695652173 0.18181818181818182 0.33695652173913043
0 0.22363636363636363 0.49184782608695654 0.13454545454545455 0.2554347826086957
0 0.10545454545454545 0.5135869565217391 0.11636363636363636 0.23369565217391305