0 0.12127659574468085 0.296 0.07234042553191489 0.176
0 0.20638297872340425 0.312 0.1148936170212766 0.224
0 0.3021276595744681 0.32 0.059574468085106386 0.16
0 0.6 0.336 0.0851063829787234 0.176
0 0.9212765957446809 0.336 0.05531914893617021 0.224
0 0.7361702127659574 0.344 0.07659574468085106 0.176
0 0.8468085106382979 0.344 0.1276595744680851 0.208
0 0.4340425531914894 0.348 0.09361702127659574 0.168
1 0.8808510638297873 0.492 0.10212765957446808 0.216
0 0.16595744680851063 0.488 0.0851063829787234 0.224
0 0.24468085106382978 0.516 0.10638297872340426 0.28
0 0.7872340425531915 0.54 0.10212765957446808 0.28
1 0.35106382978723405 0.544 0.09787234042553192 0.224
1 0.676595744680851 0.548 0.11063829787234042 0.248
1 0.4574468085106383 0.544 0.09787234042553192 0.224
1 0.5680851063829787 0.556 0.09787234042553192 0.216