0 0.44575471698113206 0.45663716814159294 0.09905660377358491 0.26194690265486725
0 0.5512971698113207 0.4814159292035398 0.11674528301886793 0.24778761061946902
0 0.326061320754717 0.484070796460177 0.1403301886792453 0.26017699115044246
0 0.8484669811320755 0.48584070796460177 0.05778301886792453 0.09734513274336283
0 0.6633254716981132 0.48672566371681414 0.11438679245283019 0.18053097345132743
0 0.7635613207547169 0.49380530973451325 0.11438679245283019 0.18761061946902655
0 0.2205188679245283 0.5017699115044247 0.08254716981132075 0.23893805309734514
1 0.16922169811320756 0.5238938053097345 0.04363207547169811 0.22300884955752212
0 0.6910377358490566 0.5805309734513274 0.09433962264150944 0.08141592920353982
1 0.59375 0.5858407079646017 0.10966981132075472 0.10619469026548672
1 0.47523584905660377 0.5920353982300885 0.11320754716981132 0.11504424778761062
1 0.3891509433962264 0.6115044247787611 0.07547169811320754 0.07964601769911504
1 0.25707547169811323 0.6238938053097345 0.07075471698113207 0.11504424778761062
1 0.31839622641509435 0.636283185840708 0.06132075471698113 0.06548672566371681
1 0.20754716981132076 0.6601769911504425 0.04716981132075472 0.08849557522123894