0 0.0210727969348659 0.05699481865284974 0.0421455938697318 0.11398963730569948
0 0.9195402298850575 0.05958549222797927 0.06130268199233716 0.11917098445595854
0 0.07088122605363985 0.06735751295336788 0.08045977011494253 0.13471502590673576
0 0.842911877394636 0.06994818652849741 0.09961685823754789 0.13989637305699482
1 0.03065134099616858 0.7020725388601037 0.06130268199233716 0.19170984455958548
1 0.9731800766283525 0.7150259067357513 0.05363984674329502 0.20725388601036268
1 0.12452107279693486 0.7176165803108808 0.12643678160919541 0.22279792746113988
0 0.16475095785440613 0.07253886010362694 0.11494252873563218 0.14507772020725387
0 0.7337164750957854 0.07253886010362694 0.11877394636015326 0.11398963730569948
0 0.5919540229885057 0.07253886010362694 0.13409961685823754 0.09326424870466321
1 0.89272030651341 0.727979274611399 0.11494252873563218 0.22279792746113988
1 0.2567049808429119 0.7305699481865285 0.13026819923371646 0.19689119170984457
1 0.7701149425287356 0.7357512953367875 0.13793103448275862 0.19689119170984457
1 0.421455938697318 0.7435233160621761 0.1839080459770115 0.22279792746113988
1 0.6130268199233716 0.7461139896373057 0.17624521072796934 0.22797927461139897
0 0.25862068965517243 0.07772020725388601 0.1111111111111111 0.09326424870466321
1 0.032567049808429116 0.8575129533678757 0.06513409961685823 0.12953367875647667
1 0.9559386973180076 0.8704663212435233 0.05747126436781609 0.12435233160621761
1 0.1111111111111111 0.8730569948186528 0.09195402298850575 0.11917098445595854
0 0.4157088122605364 0.09067357512953368 0.15708812260536398 0.15025906735751296
1 0.34674329501915707 0.8937823834196891 0.11877394636015326 0.15025906735751296
1 0.89272030651341 0.8937823834196891 0.06896551724137931 0.10880829015544041
1 0.21839080459770116 0.8937823834196891 0.13026819923371646 0.16062176165803108
1 0.8045977011494253 0.9015544041450777 0.10727969348659004 0.14507772020725387
1 0.5747126436781609 0.9093264248704663 0.09195402298850575 0.11917098445595854
1 0.46551724137931033 0.9093264248704663 0.09578544061302682 0.11917098445595854
1 0.6877394636015326 0.9093264248704663 0.1111111111111111 0.12953367875647667
0 0.9176245210727969 0.23316062176165803 0.1417624521072797 0.12435233160621761
0 0.08237547892720307 0.25129533678756477 0.15708812260536398 0.12953367875647667
0 0.8563218390804598 0.3160621761658031 0.08812260536398467 0.10362694300518134
0 0.12835249042145594 0.3160621761658031 0.10344827586206896 0.11398963730569948
0 0.1839080459770115 0.344559585492228 0.09195402298850575 0.15025906735751296
0 0.7701149425287356 0.35233160621761656 0.09961685823754789 0.15544041450777202
0 0.6666666666666666 0.35233160621761656 0.10727969348659004 0.13471502590673576
0 0.2720306513409962 0.3704663212435233 0.09961685823754789 0.17098445595854922
0 0.5689655172413793 0.37305699481865284 0.09578544061302682 0.10362694300518134
0 0.47126436781609193 0.37305699481865284 0.09195402298850575 0.12435233160621761
0 0.3716475095785441 0.3756476683937824 0.09961685823754789 0.13989637305699482
0 0.9674329501915708 0.05181347150259067 0.06513409961685823 0.10362694300518134