0 0.323125 0.38571428571428573 0.06875 0.12380952380952381
0 0.2525 0.38571428571428573 0.07 0.12380952380952381
0 0.4325 0.3914285714285714 0.14 0.15428571428571428
0 0.5725 0.4257142857142857 0.145 0.14666666666666667
0 0.69625 0.4742857142857143 0.095 0.11428571428571428
0 0.789375 0.5676190476190476 0.07625 0.14857142857142858
0 0.219375 0.7323809523809524 0.08875 0.1295238095238095
1 0.304375 0.8123809523809524 0.07625 0.10095238095238095
1 0.3825 0.8542857142857143 0.0825 0.09714285714285714
1 0.465625 0.878095238095238 0.08625 0.05714285714285714
0 0.55375 0.8819047619047619 0.085 0.049523809523809526