0 0.5835734870317003 0.6896551724137931 0.05475504322766571 0.2206896551724138
1 0.4812680115273775 0.7034482758620689 0.06340057636887608 0.15172413793103448
0 0.6325648414985591 0.7310344827586207 0.04899135446685879 0.1793103448275862
0 0.6801152737752162 0.7344827586206897 0.04610951008645533 0.1724137931034483
0 0.4250720461095101 0.7413793103448276 0.04899135446685879 0.10344827586206896
0 0.3861671469740634 0.7482758620689656 0.0345821325648415 0.10344827586206896
0 0.776657060518732 0.7482758620689656 0.043227665706051875 0.11724137931034483
0 0.7305475504322767 0.7551724137931034 0.05475504322766571 0.1310344827586207
0 0.6426512968299711 0.5655172413793104 0.09221902017291066 0.16551724137931034
0 0.7190201729106628 0.5793103448275863 0.06051873198847262 0.2206896551724138
0 0.484149855907781 0.5793103448275863 0.06340057636887608 0.1793103448275862
0 0.7737752161383286 0.6068965517241379 0.04899135446685879 0.1793103448275862
1 0.42363112391930835 0.6206896551724138 0.05763688760806916 0.19310344827586207
0 0.3804034582132565 0.6482758620689655 0.040345821325648415 0.1103448275862069
1 0.5345821325648416 0.6724137931034483 0.05475504322766571 0.22758620689655173