0 0.40683229813664595 0.4583333333333333 0.10559006211180125 0.12179487179487179
0 0.30745341614906835 0.49038461538461536 0.08695652173913043 0.17307692307692307
0 0.5357142857142857 0.49038461538461536 0.11490683229813664 0.21153846153846154
0 0.656832298136646 0.4935897435897436 0.07142857142857142 0.1794871794871795
0 0.22826086956521738 0.5224358974358975 0.10869565217391304 0.21153846153846154
0 0.7391304347826086 0.5224358974358975 0.09937888198757763 0.21153846153846154
0 0.16149068322981366 0.5416666666666666 0.07453416149068323 0.16025641025641027
0 0.36024844720496896 0.5801282051282052 0.07453416149068323 0.16025641025641027
0 0.2826086956521739 0.5865384615384616 0.06832298136645963 0.1346153846153846
0 0.43167701863354035 0.5865384615384616 0.06832298136645963 0.14743589743589744
0 0.59472049689441 0.6025641025641025 0.046583850931677016 0.1282051282051282
0 0.5077639751552795 0.6089743589743589 0.07763975155279502 0.1282051282051282
0 0.6801242236024845 0.6282051282051282 0.07453416149068323 0.11538461538461539