0 0.5535506402793946 0.7115902964959568 0.01979045401629802 0.0431266846361186
0 0.5267753201396973 0.7210242587601078 0.03608847497089639 0.08355795148247978
0 0.48370197904540163 0.7237196765498652 0.04540162980209546 0.07816711590296496
0 0.45168800931315484 0.7250673854447439 0.03259604190919674 0.0646900269541779
0 0.5797438882421421 0.7304582210242587 0.034924330616996506 0.08086253369272237
0 0.41443538998835855 0.7533692722371967 0.04423748544819558 0.08355795148247978
1 0.5483119906868452 0.7735849056603774 0.027939464493597205 0.07547169811320754
1 0.570430733410943 0.7735849056603774 0.027939464493597205 0.0646900269541779
1 0.4930151338766007 0.7789757412398922 0.02910360884749709 0.05929919137466307
1 0.4662398137369034 0.7803234501347709 0.033760186263096625 0.07277628032345014
1 0.5203725261932479 0.7816711590296496 0.030267753201396973 0.05390835579514825
1 0.43655413271245636 0.7830188679245284 0.037252619324796274 0.07277628032345014
1 0.39930151338766007 0.8059299191374663 0.027939464493597205 0.04851752021563342