0 0.8709090909090909 0.6120218579234973 0.1781818181818182 0.20765027322404372
0 0.10363636363636364 0.6693989071038251 0.20727272727272728 0.15846994535519127
0 0.0890909090909091 0.7349726775956285 0.1781818181818182 0.15846994535519127
0 0.9090909090909091 0.7759562841530054 0.18181818181818182 0.18579234972677597
0 0.9581818181818181 0.9043715846994536 0.08363636363636363 0.1912568306010929
0 0.4290909090909091 0.2814207650273224 0.13818181818181818 0.12568306010928962
0 0.5890909090909091 0.2814207650273224 0.14545454545454545 0.14754098360655737
0 0.3018181818181818 0.3469945355191257 0.10909090909090909 0.1366120218579235
0 0.7218181818181818 0.36065573770491804 0.10545454545454545 0.17486338797814208
0 0.18363636363636363 0.4262295081967213 0.13454545454545455 0.24043715846994534
0 0.8254545454545454 0.4726775956284153 0.13090909090909092 0.22404371584699453
0 0.13818181818181818 0.5355191256830601 0.17454545454545456 0.2185792349726776